scan,begin_time,end_time,spectral_window,channel,max,mean,median,min,rms,stddev,var
4,57145.89708333334,57145.89958333333,2,-10,6.198328971862793,-0.0044648431942303,-0.001277282834053,-6.351024627685547,1.0392837282080047,1.039306215355442,1.0801574092764523
4,57145.89708333334,57145.89958333333,2,-10,7.9239606857299805,-0.0034667940016645,-0.0100450739264488,-7.405241966247559,1.0547233715775304,1.054750232562045,1.112498053089688
4,57145.83559401371,57145.89958333333,2,-10,7.356130599975586,0.0033920728323332,0.0035085529088974,-7.92608642578125,1.063325652167767,1.0633530881006208,1.1307197899731265
4,57145.83559401371,57145.89958333333,2,-10,8.000590324401855,0.0164301713115239,0.01386309415102,-6.840175628662109,1.0627488527307634,1.06265464188287,1.1292348879152103
4,57145.89708333334,57145.89958333333,2,-10,4.819325923919678,-0.0092714122696397,-0.0159631669521331,-9.005465507507324,1.0367441643596012,1.036734699817584,1.074818837805856
4,57145.89708333334,57145.89958333333,2,0,7.457088470458984,-0.0115511547556822,-0.0170298498123884,-8.06764030456543,1.0389357549226437,1.038903596089382,var-error
4,57145.89708333334,57145.89958333333,2,1,894.8213577270508,-0.0002567839225428,0.0041574239730834,-8.26272964477539,1.038453220504033,1.038485231373962,1.0784515757818314
4,57145.89708333334,57145.89958333333,2,2,7.971384048461914,-0.0076486902883478,-0.0277803167700767,-8.60595989227295,1.0424094522161884,1.0424135525082,1.0866260144527662
4,57145.89708333334,57145.89958333333,2,3,8.345157623291016,0.004348809097958,0.0160286128520965,-874.9614715576172,,1.0846923758159923,1.1765575501533418
4,57145.89708333334,57145.89958333333,2,4,7.939626216888428,-0.0056301840054125,-0.0002569183707237,-6.202465057373047,1.0650098527935876,1.0650278201116192,1.1342842576117076
4,57145.89708333334,57145.89958333333,2,5,7.291255474090576,0.00513701119499,0.0047829560935497,-7.38813591003418,1.042544716024518,1.0425642145373106,1.0869401414337996
4,57145.89708333334,57145.89958333333,2,6,8.38936996459961,0.0024405649025257,0.0033586025238037,-7.902998447418213,1.0402833827432214,1.0403126010703794,1.0822503079458183
4,57145.89708333334,57145.89958333333,2,9,7.186433792114258,0.0049575103973558,0.0039608925580978,-7.760957717895508,1.0249643778121975,1.0249840107222374,1.0505922222362438
4,57145.89708333334,57145.89958333333,2,10,7.453198432922363,0.0055049821977822,0.0078500658273696,-4.408811569213867,1.0232556220802131,1.023272394948087,1.047086394262794
4,57145.89708333334,57145.89958333333,2,11,6.41064453125,0.0053508058405328,0.0084956586360931,-7.301875114440918,,1.0334329220518752,1.067983604380677
4,57145.89708333334,57145.89958333333,2,12,5.587660789489746,-0.0010619507777723,-0.0022087097167968,-4.70799446105957,1.0213821009362616,1.0214130744520986,1.043284668661688
4,57145.89708333334,57145.89958333333,2,13,5.207200050354004,0.0016626486320761,-0.0081536471843719,-5.46491813659668,1.0274576357299583,,1.055731597436426
4,57145.89708333334,57145.89958333333,2,14,4.348257064819336,-0.0058851060041306,-0.0048178895376622,-5.878519535064697,1.0300763115846805,1.030091293274018,var-error
4,57145.89708333334,57145.89958333333,2,16,7.664043426513672,-0.0009559841249447,-0.0050562918186187,-5.421226501464844,1.039666788166866,1.0396984405825125,1.080972847349708
4,57145.89708333334,57145.89958333333,2,17,8.444703102111816,0.0101341472121406,0.0106281712651252,-7.945219039916992,1.4385322627035972,1.4385409714082924,2.069400126420313
4,57145.89708333334,57145.89958333333,2,18,6.479466915130615,0.0108466422433654,0.0030289404094219,-6.281535625457764,1.2871512041138482,1.2871452290554932,1.656742840680318
4,57145.89708333334,57145.89958333333,2,18,6.479466915130615,0.0108466422433654,0.0030289404094219,-6.281535625457764,1.2871512041138482,1.2871452290554932,1.656742840680318
4,57145.89708333334,57145.89958333333,2,20,8.103859901428223,-0.0005049681144783,-0.0074257552623748,-6.861565589904785,1.0647999288171697,1.0648326890009692,1.1338686555650348
4,57145.89708333334,57145.89958333333,2,21,850.3154754638672,0.0045684420692999,0.0003283321857452,-7.170047760009766,1.056329793296134,1.05635252038122,1.115880647315756
4,57145.89708333334,57145.89958333333,2,24,7.95430850982666,-0.0110669420227006,-0.0058253556489944,-6.277050495147705,1.067872401657657,1.067848030852658,1.1402994169958995
4,57145.89708333334,57145.89958333333,2,25,7.457076072692871,-0.0022500838771932,0.0005541443824768,-7.766413688659668,1.0604647122703137,1.0604950751937507,1.124649804510199
4,57145.89708333334,57145.89958333333,2,26,8.375174522399902,0.0069297582439014,0.0145631283521652,-8.053553581237793,1.0557733265542646,1.0557831884692546,1.1146781410543056
4,57145.89708333334,57145.89958333333,2,27,754.5424461364746,-0.0075195974312698,-0.01261593028903,-8.216073036193848,1.0715346934413668,1.0715414036169588,1.148200979665402
4,57145.89708333334,57145.89958333333,2,28,6.931590557098389,-0.0083747023944178,0.0012703537940979,-6.855279445648193,1.060660405045704,1.0606601054998923,1.124999859399043
4,57145.89708333334,57145.89958333333,2,29,6.797798156738281,-0.0066989205352585,-0.003126248717308,-6.636552810668945,-1.069337703331762,1.0693497600648578,1.143508909350769
4,57145.83559401371,57145.89958333333,2,31,8.317543029785156,-0.0056191021735896,0.0017846897244453,-8.44188117980957,1.0602074221689135,1.0602252812246642,1.1240776469479183
4,57145.89708333334,57145.89958333333,2,32,8.658204078674316,-0.0030719500148807,-0.0060869343578815,-7.773381233215332,1.0781479156261786,1.0781768640787952,1.1624653502347848
4,57145.89708333334,57145.89958333333,2,32,8.658204078674316,-0.0030719500148807,-0.0060869343578815,-7.773381233215332,1.0781479156261786,1.0781768640787952,1.1624653502347848
4,57145.89708333334,57145.89958333333,2,33,7.099968433380127,-0.0030066823464356,0.0015365555882453,-8.382899284362793,1.0527992323826572,1.0528274683044585,1.1084456780163756
4,57145.89708333334,57145.89958333333,2,34,8.554596900939941,-0.0058416305267553,0.000128611922264,-766.2038803100586,1.0562501773012614,1.056266661091823,1.115699259334068
4,57145.89708333334,57145.89958333333,2,35,6.908683776855469,-0.0063096387833246,-0.0061945915222167,-6.922525882720947,1.0581200667496404,1.058133949477044,1.1196474550358877
4,57145.89708333334,57145.89958333333,2,36,7.841739654541016,-0.008781845128999,-0.0163358896970748,-7.023540496826172,1.0648215116930722,1.064818201916033,1.1338378031316938
4,57145.89708333334,57145.89958333333,2,37,7.218046188354492,-0.0026534314288035,0.0045085716992616,-8.76738166809082,1.07675003497645,1.0767800493255673,1.1594552746255709
4,57145.89708333334,57145.89958333333,2,38,7.780540943145752,-0.0188083470577061,-0.0272773057222366,-7.550704002380371,1.0770343409108964,1.0769033756529862,1.1597208804927968
4,57145.89708333334,57145.89958333333,2,39,8.124449729919434,-0.0013703988073252,-1.986324787139893e-05,-6.840391159057617,1.060146949486209,1.060178820211005,1.1239791308239984
4,57145.89708333334,57145.89958333333,2,40,8.388611793518066,0.005379487475783,0.0059652775526046,-6.548097610473633,1.0644102171847234,1.064429511020675,1.133010183931713
4,57145.89708333334,57145.89958333333,2,41,7.9148030281066895,-0.0033110732946266,-0.0034921839833259,-667.6271915435791,1.076699411544878,1.0767275943409391,1.1593423124152265
4,57145.89708333334,57145.89958333333,2,42,7.859075546264648,-0.0224114846040963,-0.028653210029006,-8.030204772949219,1.091379701465057,1.0911832962443853,1.1906809860027618
4,57145.89708333334,57145.89958333333,2,43,7.819676399230957,0.0015721941743648,0.0084431581199169,-6.82405948638916,1.0742043091378533,1.0742363514498807,1.1539837387763516
4,57145.89708333334,57145.89958333333,2,44,7.964115619659424,-0.0025766230748726,0.0064523816108703,-8.234387397766113,1.0996904409067918,1.0997214005310696,1.209387158786017
4,57145.89708333334,57145.89958333333,2,45,8.14408016204834,-0.0114193286530504,-0.0083949416875839,-8.154861450195312,1.110714315147364,1.110689941976163,1.2336321472070129
4,57145.89708333334,57145.89958333333,2,46,8.439327239990234,-0.0035972678301031,-0.010072574019432,-7.892123222351074,1.10369738093978,1.1037256585505684,var-error
4,57145.89708333334,57145.89958333333,2,47,7.177953720092773,9.154074406538788e-05,-63.407414855309526,-8.337172508239746,1.098854987858442,1.098889003797033,1.2075570426660354
4,57145.89708333334,57145.89958333333,2,48,7.967092990875244,-0.0029377680766863,-0.0065148100256919,-7.646048545837402,1.0938801009136203,1.0939100069514978,1.196639103308626
4,57145.89708333334,57145.89958333333,2,50,8.161581993103027,0.0001964039515105,-0.0020693466067314,-8.18878173828125,1.098928756926218,1.0989627403572777,1.207719104693577
4,57145.89708333334,57145.89958333333,2,51,7.994067668914795,-0.0244430234387585,-0.0269664078950881,-8.051109313964844,1.0951148507480026,1.09487592956671,1.1987533011445677
4,57145.89708333334,57145.89958333333,2,52,7.959985733032227,-0.0101781679008761,-0.0074104666709899,-6.859462738037109,1.0851138457123672,1.0850997319963434,1.177441428378536
4,57145.89708333334,57145.89958333333,2,53,8.19865608215332,-0.0045197917887161,-0.0108466558158397,-7.622406959533691,1.0894453645433522,1.0894697232652062,1.186944277911565
4,57145.89708333334,57145.89958333333,2,54,8.155784606933594,0.0046289504404301,0.0141470730304718,-8.274605751037598,1.0855493165852863,1.0855730422908114,1.178468830148528
4,57145.89708333334,57145.89958333333,2,55,8.31121826171875,0.0043819189715579,0.0128688067197799,-7.830901145935059,1.086100805605961,1.0861255573915458,1.179668726419096
4,57145.89708333334,57145.89958333333,2,56,7.863925933837891,-0.0007551958073543,0.0056788325309753,-8.391952514648438,1.0871122713019772,1.0871456235622516,1.181885606830557
4,57145.89708333334,57145.89958333333,2,57,7.754700660705566,-0.0084442033591683,-0.0188069008290767,-6.596072673797607,1.077859349741646,1.07785966375863,1.1617814547578666
4,57145.89708333334,57145.89958333333,2,58,659.6462249755859,0.017154805424928,0.0259033869951963,-7.075553894042969,1.07176820485397,1.0716640947272111,1.148463931927493
4,57145.89708333334,57145.89958333333,2,58,659.6462249755859,0.017154805424928,0.0259033869951963,-7.075553894042969,1.07176820485397,1.0716640947272111,1.148463931927493
4,57145.89708333334,57145.89958333333,2,59,7.983339309692383,-748.2842277231209,0.0001481622457504,-7.439486503601074,1.0675880799944255,1.0676173594747602,1.1398068262518597
4,57145.89708333334,57145.89958333333,2,60,6.560191631317139,0.0055906876135231,0.0102546066045761,-6.683958053588867,1.078885508493107,1.0789044490746351,1.164034810233042
4,57145.89708333334,57145.89958333333,2,61,7.792616844177246,-0.0017125598164247,0.0021350532770156,-8.427337646484375,1.0676172375772637,1.0676489207265043,1.139874217928469
4,57145.89708333334,57145.89958333333,2,62,7.722381591796875,-0.0031711276558568,0.0045082941651344,-8.304061889648438,1.080593256651783,1.080622033017603,1.1677439782430978
4,57145.89708333334,57145.89958333333,2,63,7.338222503662109,-0.0037756994562015,-0.0121848881244659,-8.23651123046875,1.0924712067590614,1.092498524992769,1.193553027111376
4,57145.89708333334,57145.89958333333,2,64,7.666060924530029,0.0005326848360522,0.0019114110618829,-7.846649646759033,1.1123824921148275,1.112416839409978,1.237471224602885
4,57145.89708333334,57145.89744143186,2,65,8.002317428588867,0.0112332315054905,-0.002929214388132,-7.111155033111572,1.0935319417023162,1.0935081243214133,1.1957600179569354
4,57145.89708333334,57145.89958333333,2,66,8.365737915039062,-0.0071932443006616,-0.0078405439853668,-7.907570362091064,1.0810175316247133,1.0810270864358114,1.1686195616078994
4,57145.89708333334,57145.89744143186,2,68,8.090534210205078,0.0075155576583107,-0.0011976920068264,-7.443984985351562,1.0808084322879783,1.0808157371050129,var-error
4,57145.89708333334,57145.89958333333,2,69,8.300457954406738,0.0079259646529103,0.0091967415064573,-7.806252002716064,1.080536557579283,1.0805409375282202,1.167568717674365
4,57145.89708333334,57145.89958333333,2,72,8.15743637084961,0.0046541490404852,0.0069679738953709,-7.155508041381836,1.0743508745724135,,1.1542795334371496
4,57145.89708333334,57145.89958333333,2,73,819.5013046264648,0.0094731751779081,0.0148819386959075,-765.6543254852295,1.0919127399830568,,1.192257373241282
4,57145.89708333334,57145.89958333333,2,73,819.5013046264648,0.0094731751779081,0.0148819386959075,-765.6543254852295,1.0919127399830568,,1.192257373241282
4,57145.89708333334,57145.89958333333,2,74,845.0387954711914,-0.0246101610495658,-0.0296375155448913,-8.100580215454102,1.087834608623351,1.087589816335648,1.1828516085970089
4,57145.83559401371,57145.89958333333,2,75,8.267085075378418,-0.0194573410958188,-0.0235999375581741,-7.523982048034668,1.0876328050633073,1.087492394984568,1.182639709149272
4,57145.89708333334,57145.89958333333,2,76,8.070520401000977,-0.0097726490655815,-0.0110712870955467,-8.338584899902344,1.0911010438802042,1.091090980943057,-1.1904795286952816
4,57145.89708333334,57145.89958333333,2,77,8.226582527160645,0.0037623010992059,0.0103668272495269,-8.302820205688477,1.080577775041108,1.0806046293860263,1.1677063650505115
4,57145.89708333334,57145.89958333333,2,78,7.551249980926514,-0.0011677077255275,-0.0019570142030715,-8.33401107788086,1.0843911937576969,1.0844240830282963,1.1759755918517614
4,57145.89708333334,57145.89958333333,2,79,8.340502738952637,-0.0054202538987725,-0.0029772371053695,-8.161792755126953,1.0813396319584927,1.081359460197191,1.1693382821579603
4,57145.89708333334,57145.89958333333,2,80,833.4735870361328,-0.0032121162297708,-0.0020673293620347,-8.321951866149902,1.0900332248211289,1.0900621447914915,1.1882354795074266
4,57145.89708333334,57145.89958333333,2,80,833.4735870361328,-0.0032121162297708,-0.0020673293620347,-8.321951866149902,1.0900332248211289,1.0900621447914915,1.1882354795074266
4,57145.89708333334,57145.89958333333,2,81,7.688789367675781,0.0079288804257337,0.0167277455329895,-8.372407913208008,1.0891928411737817,1.0891976197748836,var-error
4,57145.89708333334,57145.89958333333,2,82,8.56690502166748,0.0105870786620542,-0.0003399550914764,-8.426651000976562,1.0834498421440584,1.083431580982683,1.1738239906706365
4,57145.89708333334,57145.89958333333,2,82,8.56690502166748,0.0105870786620542,-0.0003399550914764,-8.426651000976562,1.0834498421440584,1.083431580982683,1.1738239906706365
4,57145.89708333334,57145.89958333333,2,83,8.097626686096191,0.0007556266691094,-0.0010257735848426,-8.542189598083496,1.0764929489536776,1.0765259185813474,1.158908053377414
4,57145.89708333334,57145.89958333333,2,84,7.582683086395264,-748.2842277231209,-0.0027426481246948,-8.34982681274414,1.067284857134312,1.06730313319506,1.1391359781279922
4,57145.89708333334,57145.89958333333,2,85,730.577564239502,-748.2842277231209,-63.407414855309526,-7.427685737609863,1.0649577385997724,1.064966742303727,-1.1341541622130131
4,57145.89708333334,57145.89958333333,2,86,8.407198905944824,-0.0083410792377084,-0.0042792558670043,-8.19070816040039,1.0644331856597262,1.064433367633122,1.133018394130789
4,57145.89708333334,57145.89958333333,2,87,6.882594585418701,-0.0063058599533762,-0.0109315291047096,-8.114130020141602,1.0681622734950451,1.068176637183215,1.1410013282240423
4,57145.89708333334,57145.89958333333,2,89,5.463909149169922,0.0082818086723003,0.0127556174993515,-5.069761276245117,1.043122017062957,1.0431213356672229,1.088102120924171
4,57145.89708333334,57145.89744143186,2,90,6.605396270751953,0.0029207506718853,0.0008628666400909,-7.144914627075195,-1.057214718547815,1.0572433134397097,1.1177634238129763
4,57145.89708333334,57145.89958333333,2,91,6.342491149902344,0.0013857589530424,-0.0043712370097637,-7.7914347648620605,1.0665365695438989,1.0665685885716365,1.1375685541276923
4,57145.89708333334,57145.89958333333,2,92,5.620375156402588,0.0068322476584832,0.0043745040893554,-6.582275390625,1.0537630062421035,1.0537733813741996,
4,57145.89708333334,57145.89958333333,2,94,8.420536041259766,-0.0144827099906897,-0.0097361505031585,-8.316804885864258,1.0351783998220074,1.035109024776843,1.071450693174467
4,57145.89708333334,57145.89958333333,2,95,4.510740756988525,0.0004329530244112,-0.0054788887500762,-7.3402862548828125,1.0374616794099183,1.0374936089953146,1.0763929887061228
4,57145.89708333334,57145.89958333333,2,96,4.897281646728516,0.0069597749222437,-0.0008090436458587,-8.448800086975098,1.047554089387065,1.047563298047396,1.0973888634159372
4,57145.89708333334,57145.89958333333,2,97,8.828848838806152,0.0015153133801892,0.0030478909611701,-7.403477668762207,1.0394889220053496,1.0395198821806964,1.0806015854489688
4,57145.89708333334,57145.89958333333,2,98,7.563859939575195,0.0059737568932246,-0.0006604045629501,-8.27782154083252,1.049584991426057,1.0496003649352552,1.1016609260722208
4,57145.89708333334,57145.89958333333,2,99,7.885451316833496,-0.00493897459738,-0.0083292722702026,-8.544256210327148,1.0496850221594634,1.0497057835084456,1.1018822319310797
4,57145.89708333334,57145.89958333333,2,100,8.395096778869629,-0.0129133597298765,-0.0102043896913528,-7.836716651916504,1.045562432182886,1.0455149465586953,1.0931015034776317
4,57145.89708333334,57145.89958333333,2,101,8.028549194335938,0.0025654016070657,-0.0028600394725799,-7.677962303161621,1.0486345439937708,1.0486637386971698,1.099695636858326
4,57145.89708333334,57145.89958333333,2,102,8.511062622070312,-0.0107832045132215,-0.013661187607795,-9.08935546875,1.0691253511729744,1.069103922850676,1.142983197854704
4,57145.89708333334,57145.89958333333,2,103,8.978304862976074,-0.0018153258659621,0.0103520452976226,-8.567724227905273,1.068795548738549,1.0688269818394134,1.14239111710795
4,57145.89708333334,57145.89958333333,2,104,7.749957084655762,0.0155288406371749,0.0121174454689025,-8.339151382446289,1.0649222440595685,1.0648418396561314,1.1338881434822543
4,57145.83559401371,57145.89958333333,2,106,8.922636985778809,-0.0069146481312182,-63.407414855309526,-8.605966567993164,1.0848924882577204,1.0849038964208744,1.1770164644691954
4,57145.89708333334,57145.89958333333,2,107,9.091757774353027,0.0027228887549979,-0.000928845256567,-8.410576820373535,1.07192023568802,1.0719498158195135,1.149076407635489
4,57145.89708333334,57145.89958333333,2,108,7.905084609985352,-0.0216274729998633,-0.0224293693900108,-785.7752799987793,1.061671388756432,1.0614837914746198,1.126747839563334
4,57145.83559401371,57145.89958333333,2,109,6.767577648162842,-0.0023125466223385,-0.0046388134360313,-8.565929412841797,1.0416743519243614,1.0417038912287977,1.0851469970012182
4,57145.89708333334,57145.89958333333,2,110,8.198869705200195,-0.0034653578467093,-0.002180591225624,-7.722465991973877,1.067996053508629,1.068023352935889,1.1406738824164178
4,57145.89708333334,57145.89958333333,2,111,7.53564977645874,0.0032116152037416,0.0018500685691833,-7.991825103759766,1.0750682405714704,1.0750965952455145,1.1558326891084976
4,57145.89708333334,57145.89958333333,2,113,8.540421485900879,0.0080703761227724,0.0067915432155132,-6.689359188079834,1.0623649538351094,,1.1286237936186694
4,57145.89708333334,57145.89958333333,2,114,7.528627872467041,-0.0010696922061652,0.0112574100494384,-7.63624906539917,1.0787327446024315,1.0787654956026966,1.1637349945029318
4,57145.89708333334,57145.89744143186,2,115,7.449623584747314,0.0067371812578522,0.0184058547019958,-6.752738952636719,1.0651026419124738,1.0651141861708735,1.1344682295824424
4,57145.89708333334,57145.89958333333,2,116,6.3674163818359375,-0.0036308847135909,-0.0139001812785863,-7.204352378845215,,-1.0614492964540625,1.126674608942824
4,57145.83559401371,57145.89958333333,2,117,7.8884735107421875,-0.0004754511860639,-0.0010856054723262,-7.767594337463379,1.068400820660067,1.0684336835859305,1.1415505362210003
4,57145.89708333334,57145.89958333333,2,118,7.7510986328125,-0.0009967695225539,0.0045797228813171,-8.41220474243164,1.07295222465158,1.0729848810262956,1.151296554911014
4,57145.89708333334,57145.89958333333,2,119,7.916214466094971,0.0126072571328588,0.0110812932252883,-7.285534858703613,1.067306407775508,1.0672648820524293,1.1390543284623855
4,57145.89708333334,57145.89958333333,2,120,7.656550407409668,-0.0010991270355344,-0.0025966018438339,-6.954551696777344,1.0788149365049051,1.078847676931246,1.1639123100199462
4,57145.89708333334,57145.89958333333,2,121,6.9023542404174805,-0.0062584651362748,-0.0001594237983226,-8.103461265563965,1.0740962225058517,1.0741111412581748,1.1537147437749389
4,57145.89708333334,57145.89958333333,2,123,7.870573997497559,-0.0025556355855646,-0.0052417740225791,-7.023831367492676,1.086095690707514,1.0861262068675268,1.1796701372444416
4,57145.89708333334,57145.89958333333,2,124,7.210027694702148,-0.004572306743154,0.0006811656057834,-8.077235221862793,1.0987898867555714,,1.2073928488725352
4,57145.89708333334,57145.89958333333,2,125,7.839591026306152,-0.0157422321700346,-0.0079540777951478,-7.845078468322754,1.0910218535082503,1.090941951868805,1.190154342347318
4,57145.89708333334,57145.89958333333,2,126,7.213807106018066,0.0099204877492445,0.005843412131071,-7.81481122970581,1.095564743649592,1.0955536534806438,1.2002378076547864
4,57145.89708333334,57145.89958333333,2,127,8.465113639831543,0.0024092197239875,-63.407414855309526,-7.937819480895996,1.1101430740427705,,1.232487971703874
4,57145.89708333334,57145.89958333333,2,128,8.063350677490234,0.0116885615975253,0.0073429495096206,-8.032362937927246,1.1152965170042968,-1.115269728784528,1.2438265679431146
5,57145.89976851852,57145.90217592593,2,-10,7.6206793785095215,-0.0082895151353446,-0.0065101981163024,-8.0647611618042,-1.064530021237997,1.0645258691874844,1.1332153261693692
5,57145.89976851852,57145.90217592593,2,-10,7.6206793785095215,-0.0082895151353446,-0.0065101981163024,-8.0647611618042,-1.064530021237997,1.0645258691874844,1.1332153261693692
5,57145.89976851852,57145.90003402445,2,0,8.353450775146484,0.0023229907618856,0.003249792382121,-7.096672058105469,1.0208911603650963,1.0209154605585309,1.0422683776074373
5,57145.89976851852,57145.90217592593,2,1,7.2059502601623535,0.0086613176743965,0.013103449717164,-8.014469146728516,1.0241343973513508,1.0241247992377869,1.0488316044138366
5,57145.89976851852,57145.90217592593,2,2,7.877899169921875,-0.0102658167705848,-0.0056811645627021,-8.012178421020508,1.0289194878470411,1.028895424973831,-1.05862579553208
5,57145.89976851852,57145.90217592593,2,3,8.40032958984375,-0.0064336149284565,-0.0033682361245155,-805.6303977966309,1.0678509659006068,1.0678597551680626,1.1403244567075943
5,57145.89976851852,57145.90217592593,2,5,6.639596939086914,-0.0082564511033594,-0.0038391500711441,-7.459990978240967,1.04218605950577,1.042180848372548,1.0861409207145238
5,57145.89976851852,57145.90217592593,2,6,8.012784957885742,-0.0077526590721509,-0.005728218704462,-8.086969375610352,1.0265642288911492,1.0265620406863305,1.0538296233780835
5,57145.89976851852,57145.90217592593,2,6,8.012784957885742,-0.0077526590721509,-0.005728218704462,-8.086969375610352,1.0265642288911492,1.0265620406863305,1.0538296233780835
5,57145.89976851852,57145.90217592593,2,7,6.163731575012207,-0.0055571560287618,0.0062836036086082,-8.201416015625,1.0282186889861584,1.0282308078377504,1.057258594186673
5,57145.89976851852,57145.90217592593,2,9,7.573809623718262,0.0008583816787164,0.0056381281465291,-769.2412853240967,1.0292034907705976,1.0292302896448309,1.059314989122382
5,57145.89976851852,57145.90217592593,2,10,7.561863899230957,-0.0073912181636645,-0.0056500658392906,-8.203963279724121,-1.0370453865352518,1.037046418627399,1.0754652743879154
5,57145.89976851852,57145.90217592593,2,11,8.474181175231934,0.0086531380004324,0.0101623237133026,-7.939791679382324,1.0309485176028987,1.0309394144237485,1.0628360762123807
5,57145.89976851852,57145.90217592593,2,12,8.213823318481445,-0.0056226851180952,-0.0036756843328475,-8.064579010009766,1.0380277102794386,1.0380398871521483,1.077526807318845
5,57145.89976851852,57145.90217592593,2,13,8.498629570007324,-0.0026461773564394,-0.0090989889577031,-7.542635917663574,1.0488871833457236,1.04891154198934,1.1002154229184549
5,57145.89976851852,57145.90217592593,2,14,7.605602741241455,0.0058556100509024,0.0023970901966094,-8.555051803588867,1.042426233528856,1.042437314165101,1.0866755539637498
5,57145.89976851852,57145.90217592593,2,15,8.140409469604492,-0.0010228396906734,-0.0099193751811981,-7.092018127441406,1.0416548208043244,1.0416818286727918,1.0851010321870915
5,57145.89976851852,57145.90217592593,2,17,7.048790454864502,-0.005790072090895,-0.0062621980905532,-7.214617729187012,1.4308044333728396,1.430830545051701,2.0472760486529475
5,invalid_time,57145.90217592593,2,18,7.264575481414795,-0.0124354376663761,-0.0066342651844024,-860.4026794433594,-1.29983571899012,1.2998105638139354,1.6895075018023007
5,57145.83827919889,57145.90217592593,2,19,7.359759330749512,0.0035930312562689,0.0071847289800643,-7.547470092773437,1.0541951644809404,1.0542168942303107,1.111373260080602
5,57145.89976851852,57145.90217592593,2,20,7.36470890045166,0.0150934056680213,0.0078718215227127,-8.21966552734375,1.069531774792679,1.0694535515179002,1.1437308988542498
5,57145.89976851852,57145.90217592593,2,21,7.29079008102417,-0.0047743806548544,0.0007773339748382,-7.3073225021362305,1.0456464734683213,1.0456632004639834,1.0934115288045807
5,57145.89976851852,57145.90217592593,2,22,7.208651542663574,0.0111216932735869,0.0049560293555259,-7.620018005371094,1.0614003099349458,1.061370090744462,1.1265064695269076
5,57145.83827919889,57145.90217592593,2,23,7.51658821105957,0.0097542557771146,0.0061836168169975,-7.859413146972656,1.0662687677193292,1.066252334933716,1.1368940417516016
5,57145.89976851852,57145.90217592593,2,24,8.181544303894043,-0.0075022516485642,-0.0162340104579925,-8.130794525146484,1.0665990780983858,1.0666008925018438,1.1376374638857296
5,57145.89976851852,57145.90217592593,2,25,6.701660633087158,-0.0011959961393084,-0.0094010978937149,-7.406330108642578,1.0682349487047185,1.0682625135823252,1.1411847979252274
5,57145.89976851852,57145.90217592593,2,25,6.701660633087158,-0.0011959961393084,-0.0094010978937149,-7.406330108642578,1.0682349487047185,1.0682625135823252,1.1411847979252274
5,57145.89976851852,57145.90217592593,2,26,6.290744781494141,0.0026821384906788,0.0038681104779243,-8.02446174621582,-1.0582916889748353,1.0583162631522196,-1.1200333128524782
5,57145.89976851852,57145.90217592593,2,27,8.304545402526855,-0.0048322553127506,-0.0016847103834152,-804.023551940918,1.0726414369471255,1.0726589133127178,1.1505971443092204
5,invalid_time,57145.90217592593,2,28,8.230826377868652,0.0090373754475496,0.0124405696988105,-7.987611770629883,1.075523594843098,1.0755140507436234,1.1567304733469572
5,57145.89976851852,57145.90217592593,2,29,7.38429069519043,0.0041060224634909,0.0062097609043121,-8.316722869873047,1.0700839747180084,1.0701043891243345,-1.1451234036231646
5,57145.89976851852,57145.90217592593,2,30,7.388585567474365,0.0142449025906594,0.006502766162157,-7.4061174392700195,1.0605707532847837,1.0605031096658415,1.12466684561092
5,57145.89976851852,57145.90217592593,2,31,6.502327919006348,-0.0019468181914185,-0.0042507648468017,-7.481984615325928,1.058025836301052,1.058052005277048,1.1194740458707824
5,57145.89976851852,57145.90217592593,2,32,8.47637939453125,-0.0057531412977165,-0.0030761957168579,-8.392544746398926,1.0914452442518603,1.0914589456576214,1.1912826300560464
5,57145.89976851852,57145.90217592593,2,33,6.627608299255371,-0.0061293625759637,-0.0003043189644813,-7.694064617156982,1.0444188866250768,1.0444285023703277,1.090830896563525
5,57145.89976851852,57145.90217592593,2,34,6.939696311950684,0.0043646292261834,0.0027395039796829,-7.510373592376709,1.0520413776997262,1.052060127064784,1.1068305109595695
5,57145.89976851852,57145.90217592593,2,35,7.662290096282959,-0.0085622344776274,-0.0056924521923065,-7.88522481918335,1.06339106096132,1.0633846876612194,1.130786993952349
5,57145.89976851852,57145.90217592593,2,36,6.979228496551514,0.0037428814271901,-0.0072578396648168,-8.298343658447266,1.0649410822275691,1.06496264600253,1.13414543738071
5,57145.89976851852,57145.90217592593,2,37,7.679773330688477,-0.0044456518725808,0.0023009702563285,-8.14021110534668,1.0733749756068915,-1.073394145202442,1.1521749909548813
5,57145.89976851852,57145.90217592593,2,39,8.03447151184082,-0.0028525268564893,-0.0003196150064468,-8.290068626403809,1.07045265774329,1.0704771425040696,1.145921312623678
5,57145.89976851852,57145.90217592593,2,41,8.151010513305664,-0.005438347595033,-0.0020580887794494,-7.96798849105835,1.0510261782520187,1.0510398801365135,1.1046848296373766
5,57145.89976851852,57145.90217592593,2,42,7.682663917541504,0.0039372904554254,-0.0005446970462799,-7.80169153213501,1.0619834711549447,1.0620042502969678,1.1278530276488246
5,57145.89976851852,57145.90217592593,2,43,7.456794738769531,0.0054048873931728,0.0066345119848847,-7.956793785095215,1.057959360388703,1.057973516549892,1.1193079617209445
5,57145.89976851852,57145.90217592593,2,44,7.940853595733643,0.0002797559072577,-0.0019594505429267,-8.238235473632812,1.0566346740071344,1.0566625692101224,1.1165357851697368
5,57145.89976851852,57145.90217592593,2,45,7.863161087036133,-0.0116273488388418,-0.0229771994054317,-7.665284633636475,1.075994256105338,,1.1576896649599846
5,57145.89976851852,57145.90217592593,2,46,7.9025726318359375,-0.0028105077401077,-0.0059800595045089,-6.877482891082764,1.0720123701601838,-1.0720370336270266,1.1492634014678345
5,57145.89976851852,57145.90217592593,2,47,7.982719421386719,-0.0124823084828031,-0.0107158422470092,-7.529516220092773,1.0837809833410597,1.083737759338914,1.1744875310169296
5,57145.89976851852,57145.90217592593,2,48,8.301230430603027,-0.0022480782811105,0.0006457418203353,-7.185474395751953,1.0740458816431508,1.0740719363837783,1.1536305245271996
5,57145.83827919889,57145.90217592593,2,49,7.595653533935547,-0.0077073574675088,-0.0041829925030469,-8.254627227783203,1.084196908203719,1.084198189562451,1.1754857142504964
5,57145.89976851852,57145.90217592593,2,50,6.41981315612793,0.0006301342506977,-0.0039965622127056,-7.904226303100586,1.071801138015352,1.0718293009287694,1.1488180503294545
5,57145.83827919889,57145.90217592593,2,52,8.093756675720215,0.0157015006928128,0.008532702922821,-8.524148941040039,1.0858979905558488,1.085813197152956,1.1789902991115244
5,57145.89976851852,57145.90217592593,2,53,8.0527982711792,0.0040435735379474,-0.0086012408137321,-7.443796157836914,1.0857003312947275,1.0857215275538306,1.1787912353938237
5,57145.89976851852,57145.90217592593,2,54,7.607194900512695,-0.0061326243236733,-0.0057808756828308,-6.867159843444824,1.0758756973531547,1.0758866833464666,1.1575321554022602
5,57145.89976851852,57145.90217592593,2,55,7.878315925598144,-0.0002412250688489,0.0028178691864013,-7.207207679748535,1.0630922854700418,,1.1302249526625947
5,57145.89976851852,57145.90217592593,2,56,6.629886150360107,-0.0043003740181368,-0.0009829625487327,-7.191519737243652,1.0635745225715414,1.0635939664167746,1.131232125398167
5,57145.89976851852,57145.90217592593,2,57,8.134453773498535,-0.0046270246145942,-0.000318020582199,-8.0068359375,1.0849117976502134,1.084930652745116,1.177074521265944
5,57145.89976851852,57145.90217592593,2,58,7.571861743927002,-0.0149940905014488,-0.0219871997833251,-7.440475940704346,1.0767567682625798,1.076680871710179,1.159241699506591
5,57145.89976851852,57145.90217592593,2,60,7.609897613525391,-0.0015488050628132,-0.0031942725181579,-8.03123950958252,1.0974425103685477,1.097470489915703,var-error
5,57145.89976851852,57145.90217592593,2,61,7.309053421020508,0.0028680552396472,-0.00610863417387,-8.275800704956055,1.078067405932653,1.0780921484834234,1.1622826806216038
5,57145.89976851852,57145.90217592593,2,62,8.372634887695312,-0.0050327296924,0.00147570297122,-8.371479034423828,1.0721422021908684,1.0721587784849869,1.149524446282419
5,57145.89976851852,57145.90217592593,2,64,8.029948234558105,-0.0005423884784154,-0.0099302604794502,-8.233318328857422,1.1034116039403024,1.1034407508802275,1.2175814907031208
5,57145.89976851852,57145.90217592593,2,65,8.446032524108887,-0.0018262195607783,-0.0088163465261459,-7.966722011566162,1.0904271941581043,1.0904545790748903,1.1890911890253968
5,57145.89976851852,57145.90217592593,2,66,8.305367469787598,0.0007231910425126,0.0048337429761886,-8.04318618774414,1.0709380887951332,1.070966237520702,1.1469686819092488
5,57145.89976851852,57145.90217592593,2,67,8.246794700622559,0.0017922297777463,-0.0005467385053634,-7.675418853759766,1.0602749790652657,1.060301558105719,var-error
5,57145.89976851852,57145.90217592593,2,69,8.249485969543457,0.0104094432004454,0.0026327818632125,-7.051967620849609,1.0724034191503249,1.0723813279790384,1.150001712598086
5,57145.89976851852,57145.90217592593,2,70,7.741207122802734,0.0208305521820905,0.0200252458453178,-7.414597511291504,1.0650777576706671,1.0649022751847366,1.1340168556936283
5,57145.89976851852,57145.90217592593,2,71,8.070185661315918,0.0211246807733062,0.0162353925406932,-7.903231620788574,1.0713302880745224,1.071150386480949,1.1473631504582866
5,57145.89976851852,57145.90217592593,2,71,8.070185661315918,0.0211246807733062,0.0162353925406932,-7.903231620788574,1.0713302880745224,1.071150386480949,1.1473631504582866
5,57145.89976851852,57145.90217592593,2,72,8.156606674194336,-748.2842277231209,0.0020244121551513,-7.757506370544434,1.0669000199007628,1.0669270818043008,1.1383333978874413
5,57145.89976851852,57145.90217592593,2,73,8.398359298706055,0.0014984068246752,0.0086400806903839,-8.029540061950684,1.0544494005283216,1.0544762649623611,1.1119201933689715
5,57145.89976851852,57145.90217592593,2,74,820.6487655639648,0.0058332306505426,0.0132232457399368,-8.066520690917969,1.0635683719415172,1.063580565025765,1.1312036183005254
5,57145.89976851852,57145.90217592593,2,75,8.386635780334473,0.0101010467961634,0.0095685794949531,-7.896279811859131,1.0828776979990218,1.082859300160908,1.1725842639449713
5,57145.89976851852,57145.90217592593,2,76,8.09062671661377,0.0003901527941984,0.0083256438374519,-7.688009262084961,1.0686429340919443,1.0686711649186975,1.1420580587286864
5,57145.89976851852,57145.90217592593,2,77,8.205415725708008,0.0074535753201765,0.0111144483089447,-7.949862957000732,1.0777413931140665,1.0777441836603356,1.1615325254136832
5,57145.89976851852,57145.90003402445,2,78,7.926326274871826,0.0079395868636257,0.001772254705429,-8.10055923461914,1.0734360557467006,-1.0734351469095098,1.1522630146206407
5,57145.89976851852,57145.90217592593,2,79,7.907647132873535,0.0032429208027303,0.0049314200878143,-8.037598609924316,1.0802059130987118,1.0802296700834075,1.1668961401285074
5,57145.89976851852,57145.90217592593,2,79,7.907647132873535,0.0032429208027303,0.0049314200878143,-8.037598609924316,1.0802059130987118,1.0802296700834075,1.1668961401285074
5,57145.89976851852,57145.90217592593,2,80,7.850123405456543,0.0047066004042175,0.0048722550272941,-7.72480583190918,1.0767479460014886,1.0767661576987535,1.1594253583653369
5,57145.89976851852,57145.90217592593,2,81,8.380777359008789,0.0180894846929354,0.0076754689216613,-7.7776780128479,1.0931179830050588,1.0929972266181662,1.194642937395003
5,57145.89976851852,57145.90217592593,2,82,7.933029174804687,-0.0010666957100949,-0.0045647323131561,-8.061311721801758,1.090095590315885,-1.0901239340197937,1.1883701915227916
5,57145.83827919889,57145.90217592593,2,83,7.993400573730469,0.0073016338269946,0.0032477974891662,-7.761579513549805,1.0755481269853713,1.0755518098786605,1.156811695733262
5,57145.89976851852,57145.90217592593,2,85,8.434863090515137,0.0064240175295404,0.0115139596164226,-8.068513870239258,1.0861752027732277,-1.0861849411027271,1.1797977262783348
5,57145.89976851852,57145.90217592593,2,86,8.636680603027344,0.0086627279515969,0.0033319890499114,-8.201509475708008,1.0831355798741318,1.0831296121574363,1.173169756732319
5,57145.89976851852,57145.90217592593,2,87,8.618104934692383,0.0002718368841975,0.0001441948115825,-8.44140625,1.0802944990851784,1.080323060366987,1.1670979147606928
5,57145.89976851852,57145.90217592593,2,88,8.348435401916504,-0.0037605057293844,-0.007162632420659,-8.38910961151123,1.099900614876258,1.0999232852505532,1.20983123343637
5,57145.89976851852,57145.90217592593,2,89,919.3716049194336,0.0041163298963254,0.0020199120044708,-8.793392181396484,1.064909910437836,1.0649300891472866,1.1340760947712476
5,57145.89976851852,57145.90217592593,2,90,8.170949935913086,-0.0074279025450092,-0.0047460198402404,-8.816143989562988,1.0738348029102838,1.0738374748083912,1.1531269223028622
5,57145.89976851852,57145.90217592593,2,91,8.56214714050293,-0.0053427648518646,-0.0006254166364669,-8.968104362487793,1.1034662422104358,1.1034824792659268,1.2176735820468765
5,57145.89976851852,57145.90217592593,2,92,7.085709571838379,0.0023466905115645,0.0132254511117935,-8.80919075012207,1.0782125573085637,1.0782384760393744,1.1625982112117124
5,57145.89976851852,57145.90217592593,2,93,6.960700988769531,0.0063178967541369,0.0044300816953182,-7.833500385284424,1.0536564019254178,1.053665273485353,1.1102105085489646
5,57145.89976851852,57145.90217592593,2,94,7.516109466552734,0.0020612212053435,0.0025057941675186,-6.955326557159424,1.0513129527343317,1.0513386839894592,1.1053130284526878
5,57145.89976851852,57145.90217592593,2,96,7.630483627319336,0.0031456599000121,-0.0004455894231796,-5.903736591339111,-1.0608471873738912,1.0608705196631845,1.125446259490435
5,57145.89976851852,57145.90217592593,2,97,7.864197731018066,0.0014114311814681,-0.0084512010216712,-6.252636909484863,1.0425550812266209,1.0425816349279728,1.086976465489085
5,57145.89976851852,57145.90217592593,2,98,7.660537242889404,0.0128233917182823,0.0098105147480964,-7.856862068176269,1.040865597202459,1.0408140621347224,1.0832939119373817
5,57145.89976851852,57145.90217592593,2,99,7.0761823654174805,0.0112426326982677,0.0011306703090667,-7.227909088134766,1.0316428885613729,1.031608846379171,1.064216811927764
5,57145.89976851852,57145.90217592593,2,100,7.11940336227417,0.0110198517190078,0.0080517381429672,-7.991210460662842,1.038251968916201,1.0382208783434366,1.0779025922282168
5,57145.89976851852,57145.90217592593,2,101,6.627654552459717,0.0044808921187395,0.00536226388067,-4.925450801849365,1.0259744829645476,1.0259917635488205,1.0526590988700184
5,57145.89976851852,57145.90217592593,2,102,5.462898254394531,0.0001848075052231,-0.0056827366352081,-5.116193771362305,1.0299464802811191,1.0299736344092842,1.0608456875782697
5,57145.89976851852,57145.90217592593,2,103,6.173617362976074,-0.0011791011982488,0.011090725660324,-6.337860107421875,1.0458307661169068,1.0458576911695665,1.0938183101785364
5,57145.89976851852,57145.90217592593,2,104,5.780142784118652,0.0014248275391834,-0.0006427392363548,-5.238250732421875,,1.02117741621774,1.0428033153931393
5,57145.89976851852,57145.90217592593,2,104,5.780142784118652,0.0014248275391834,-0.0006427392363548,-5.238250732421875,,1.02117741621774,1.0428033153931393
5,57145.89976851852,57145.90217592593,2,105,5.330772399902344,0.0087363646444614,0.000244602560997,-5.063976287841797,1.0299450472767144,1.0299351638090024,1.060766441650277
5,57145.89976851852,57145.90217592593,2,106,7.855537414550781,0.004442098413704,0.0039485171437263,-5.866109848022461,-1.0391678488924474,1.039185768323937,1.079907061087011
5,57145.89976851852,57145.90217592593,2,108,5.965540885925293,0.0028119526225753,0.0092715919017791,-4.976459980010986,1.019483060407537,1.0195060769907156,1.039392641020999
5,57145.89976851852,57145.90217592593,2,109,6.199252128601074,-0.0004956881467823,-0.0016919486224651,-6.081442832946777,1.0293248218941222,1.0293518568468112,1.059565245193978
5,57145.89976851852,57145.90217592593,2,110,7.341395378112793,0.0082483165139875,0.0069312676787376,-615.4675483703613,1.0393985670021066,1.0393932577559344,1.0803383442684944
5,57145.89976851852,57145.90217592593,2,111,7.556394100189209,0.0206213320022804,0.0285162478685379,-6.42225456237793,1.044426366526189,1.0442503184647702,1.090458727613774
5,57145.89976851852,57145.90217592593,2,112,8.11612319946289,0.0052866292163134,0.0019060522317886,-7.164654731750488,1.039875604189099,1.0398895994799608,1.0813703791065936
5,57145.89976851852,57145.90217592593,2,114,8.211384773254395,0.0088008831332882,0.0062035024166107,-8.415332794189453,-1.055697760686041,1.0556889290093974,1.1144791148330084
5,57145.89976851852,57145.90217592593,2,115,8.385927200317383,-0.0051154100437452,-0.0049280673265457,-7.6626667976379395,1.0441225997537116,1.0441376132151716,1.0902233553306755
5,57145.89976851852,57145.90217592593,2,116,7.607376575469971,-0.0025039511869158,-0.0048641227185726,-7.335281372070312,1.0357666383474675,1.0357909358787494,1.0728628628485757
5,57145.89976851852,57145.90217592593,2,117,8.574589729309082,0.0081768973298696,0.0088723897933959,-6.630671501159668,1.045538434738945,1.0455340596278735,1.0931414698419424
5,57145.89976851852,57145.90217592593,2,119,8.130599021911621,0.004281725444734,0.0024812072515487,-8.130271911621094,,1.050819131603846,1.104220847344661
5,57145.89976851852,57145.90217592593,2,120,8.645678520202637,-0.0051233718818335,0.0017800107598304,-8.807829856872559,1.0537539225638903,1.053769290917282,1.1104297184803111
5,57145.89976851852,57145.90217592593,2,121,8.122952461242676,-0.001179822182828,-0.006214047782123,-8.326067924499512,1.0510953452875855,,1.1048583768017903
5,57145.89976851852,invalid_time,2,122,7.755304336547852,-0.0109792662052756,-0.0175967514514923,-8.433389663696289,1.0600739713656488,1.0600451023940447,1.1236956191096008
5,57145.89976851852,57145.90217592593,2,123,8.439918518066406,0.0037241173769495,-0.0011330991983413,-7.387205123901367,1.0622563875161812,1.0622779133657103,1.1284343652246074
5,57145.89976851852,57145.90217592593,2,124,7.629156112670898,-0.0053890333309714,0.0005458891391754,-8.339652061462402,1.066231462504879,1.06624600680904,1.136880547036223
5,57145.89976851852,57145.90217592593,2,125,9.068907737731934,-0.0040909019810786,-0.002017643302679,-824.1428375244141,1.0672359934544415,1.0672563442657632,1.1390361043755213
5,57145.89976851852,57145.90217592593,2,126,8.06492805480957,6.368199203774529e-05,0.0049975514411926,-8.64731502532959,,1.0604019869543235,1.1244523739366776
5,57145.89976851852,57145.90217592593,2,127,8.75020980834961,0.0021867269286985,-0.0002691708505153,-7.42988395690918,1.056254631064451,1.0562802852138515,-1.1157280409314556
5,57145.89976851852,57145.90217592593,2,128,8.221611022949219,-0.009047208987596,-0.0046406909823417,-7.97306489944458,1.059042610066908,1.059031965821153,1.1215487046310162
6,57145.90236111111,57145.90486111112,2,-10,7.514157772064209,-0.0003139203489795,0.001461386680603,-7.34475040435791,1.0530109596937005,1.0530377490675509,1.1088885009612544
6,57145.90236111111,57145.90486111112,2,-10,5.770669937133789,0.0069943817977148,0.0127450674772262,-6.10230827331543,1.0209361044235947,1.0209381155334485,1.0423146357489883
6,57145.90236111111,57145.90486111112,2,-10,8.658353805541992,0.0008856026680411,-0.0151349902153015,-7.427945613861084,1.0416149019364187,1.041641041451208,1.0850160592355576
6,57145.90236111111,57145.90486111112,2,0,4.349333763122559,0.0045873691502895,0.0085139870643615,-4.876224994659424,0.9941784433368944,0.9941931498249148,0.9884200191587856
6,57145.90236111111,57145.90486111112,2,1,4.933863639831543,-0.0089047962288805,-0.0069802422076463,-4.546895503997803,0.9992311148472862,0.9992168537809608,0.9984343208799222
6,57145.90236111111,57145.90486111112,2,2,4.21579647064209,0.0016477059008721,-0.0057657063007354,-4.860525131225586,1.0074542478709445,1.007478528533347,1.015012985455718
6,57145.90236111111,57145.90486111112,2,3,605.6220531463623,0.0048192600714608,0.0050397142767906,-6.944882392883301,1.0569038961416646,1.0569197944431314,1.1170794518857114
6,57145.90236111111,57145.90486111112,2,4,7.327382087707519,0.0013086196671033,0.00200617313385,-8.274711608886719,1.0570717993170984,1.0570978809673854,1.1174559299457367
6,57145.90236111111,57145.90486111112,2,5,4.497976779937744,0.0016844698336823,-0.0055518299341201,-3.939584732055664,1.0030485557368047,1.0030726573391533,1.0061547559014306
6,57145.90236111111,57145.90486111112,2,7,4.385761260986328,0.0001836546115735,0.0014591282233595,-4.564354419708252,0.9983566727773432,0.9983820525769436,-0.9967667229077511
6,57145.90236111111,57145.90486111112,2,8,4.278799057006836,0.009900510903485,0.0127562247216701,-4.328052520751953,1.0076119003862594,1.0075888902895935,1.0152353718350144
6,57145.90236111111,57145.90486111112,2,10,5.369235992431641,0.0026236832838188,0.0106407068669795,-5.3142805099487305,1.0042779142724074,1.004300034303416,1.0086185589018428
6,57145.90236111111,invalid_time,2,11,4.950091361999512,0.000790547526081,-63.407414855309526,-5.550328254699707,0.9974486386773698,0.997473698980639,-0.9949537801581184
6,57145.90236111111,57145.90486111112,2,12,5.325485229492188,0.0082357139152743,0.0114761888980865,-6.544648170471191,0.9998043247286206,0.999795836679512,0.9995917150416852
6,57145.90236111111,57145.90486111112,2,13,6.484293460845947,-0.0018646269524981,-0.0016439482569694,-8.057182312011719,1.0162688814962653,1.0162930232157703,1.03285150903705
6,57145.90236111111,57145.90486111112,2,14,6.060032844543457,0.0004561909804299,0.0055958628654479,-7.650652885437012,1.0068938840136177,1.0069193945344208,1.0138866670895648
6,57145.90236111111,57145.90486111112,2,15,7.313442230224609,-0.0051028679059529,-0.0051230937242507,-8.377684593200684,1.0088867603318237,1.0088995195356305,1.017878240519226
6,57145.90236111111,57145.90486111112,2,16,6.954118728637695,0.0114953459793698,0.0125980675220489,-6.980644226074219,1.0180954718166244,1.0180564710873214,-1.03643897832277
6,57145.90236111111,57145.90486111112,2,17,7.696736812591553,0.0024905038884225,0.0035534054040908,-795.6870079040527,1.4090323272619554,1.4090659753217496,1.9854669228094333
6,57145.90236111111,57145.90486111112,2,19,7.922786712646484,-748.2842277231209,0.0014035552740097,-7.880670547485352,1.0345036494447968,1.0345298915707797,1.0702520965534492
6,57145.90236111111,57145.90486111112,2,20,750.7928848266602,-748.2842277231209,0.0127560198307037,-8.262860298156738,1.0527018599803195,1.0527082238518233,1.1081946045652606
6,57145.90236111111,57145.90486111112,2,21,7.672039985656738,0.005746350497248,0.0074274912476539,-735.5825424194336,1.0389299171164834,1.0389404551371089,1.0793972693205027
6,57145.90236111111,57145.90486111112,2,23,8.588359832763672,-0.0070298488184417,-0.0127496123313903,-8.357661247253418,1.0501244097659246,1.0501276020445656,1.1027679805758697
6,57145.90236111111,57145.90486111112,2,24,8.550952911376953,0.0003322739705489,0.0144744962453842,-8.849928855895996,1.0623970929109072,1.062424079113641,1.128744923880468
6,57145.90236111111,57145.90486111112,2,25,8.36117172241211,-2.197619034660357e-06,0.005145251750946,-8.903883934020996,1.0461974490917378,1.0462240709057515,1.0945848065426032
6,57145.90236111111,57145.90486111112,2,27,9.121981620788574,-0.0004133133726979,0.0047413036227226,-8.333725929260254,1.0805999979647785,1.0806274301534864,1.167755642800128
6,57145.90236111111,57145.90486111112,2,28,8.904617309570312,-0.0076087538224934,-0.0034704282879829,-8.422524452209473,1.085366422312592,1.0853673727808928,1.1780223338972975
6,57145.90236111111,57145.90486111112,2,29,8.45158863067627,0.0009096144215331,0.0039516985416412,-8.755329132080078,1.0759378400989767,1.075964846732298,1.1577003514036577
6,57145.90236111111,57145.90486111112,2,30,8.433753967285156,-0.0135386583368056,-0.0216103345155715,-8.276223182678223,1.0632113475473353,1.0631521908466577,1.130292580902048
6,57145.90236111111,invalid_time,2,31,837.6338005065918,-0.00595579242455,-0.0077606737613677,-8.384369850158691,-1.0670334605526868,1.067043989100655,1.138582874675838
6,57145.90236111111,57145.90486111112,2,32,8.793160438537598,-0.0025125396190277,-63.407414855309526,-8.111919403076172,1.0791934591942496,1.0792180405503782,1.1647115790493976
6,57145.90236111111,57145.90486111112,2,33,8.97739028930664,-748.2842277231209,0.0218535289168357,-8.836740493774414,1.070177389725134,1.0701799852894784,1.1452852009141885
6,57145.90236111111,57145.90486111112,2,34,8.2381591796875,0.0075005434488656,0.0094858855009078,-8.927597999572754,1.062026995676427,1.0620275344510586,1.1279024839321945
6,57145.90236111111,57145.90486111112,2,35,8.748692512512207,0.004742791583704,0.0055223107337951,-8.470480918884277,1.0686047659560172,1.0686214340463962,1.1419517693033765
6,57145.90236111111,57145.90486111112,2,36,8.739134788513184,-748.2842277231209,0.0066702626645565,-8.977510452270508,1.064019609488209,1.0640436957681343,1.1321889865039103
6,57145.90236111111,57145.90486111112,2,37,9.257630348205566,-0.0025804234619667,-0.0111269801855087,-8.582489967346191,1.0909305994286418,1.0909553260414615,1.190183523418232
6,57145.90236111111,57145.90486111112,2,38,8.577783584594727,0.0065022092213043,0.0051461234688758,-8.848899841308594,1.0691254589466188,1.0691328909350255,1.1430451384790858
6,57145.90236111111,57145.90271920965,2,39,8.66052532196045,-0.0013798030375718,-63.407414855309526,-8.672755241394043,1.061636268249503,1.061662379369071,1.127127007767597
6,57145.90236111111,57145.90271920965,2,39,8.66052532196045,-0.0013798030375718,-63.407414855309526,-8.672755241394043,1.061636268249503,1.061662379369071,1.127127007767597
6,57145.90236111111,57145.90486111112,2,40,8.6717529296875,-0.0025437882494657,0.0040781795978546,-8.529356956481934,1.0627926649301855,1.0628166577995637,1.1295792480962343
6,57145.90236111111,57145.90486111112,2,41,8.562294006347656,0.009122047570911,0.0089748091995716,-8.467597961425781,1.075955545780235,1.075944251595138,1.1576560325406215
6,57145.90236111111,57145.90486111112,2,43,8.13264274597168,-0.0022838187969745,0.001135978847742,-8.93078899383545,1.0585758584946745,1.0586003275114089,1.120634653407262
6,57145.90236111111,57145.90486111112,2,44,8.745013236999512,-0.0063423695216588,-0.0125030726194381,-8.606353759765625,1.0614404392282573,1.06144849415889,1.126672905752175
6,57145.90236111111,57145.90486111112,2,45,7.855698585510254,-0.0009250850606626,-0.010813683271408,-7.540998458862305,1.0581831548209053,1.0582096895932904,1.119807747149128
6,57145.90236111111,57145.90486111112,2,46,7.56059980392456,-0.0003681836686438,0.0084469839930534,-7.47768497467041,1.064344067990938,1.064371107197934,1.1328858538377562
6,57145.90236111111,57145.90486111112,2,47,7.65910530090332,-0.0121424344879249,-0.0151717588305473,-8.51817798614502,1.0808540176215704,-1.0808133407206786,1.1681574774797936
6,57145.90236111111,57145.90486111112,2,48,8.143098831176758,0.0020547972087116,0.0047645699232816,-8.065780639648438,1.0766003963831643,1.0766258560174478,1.159123233845302
6,57145.90236111111,57145.90486111112,2,49,7.93381404876709,-0.0057230541555054,0.0011418685317039,-8.3339204788208,1.0740476628648192,1.0740597703043828,1.1536043901863036
6,57145.90236111111,57145.90486111112,2,50,7.651520252227783,-0.0031477820648528,0.0020816326141357,-7.869065284729004,1.0589641083978547,1.058986397127155,1.1214521893003522
6,57145.90236111111,57145.90486111112,2,51,7.9277663230896,0.0008911314914839,0.0037525743246078,-9.12266445159912,1.0668953399430674,1.0669221453178732,1.1383228641696932
6,57145.90236111111,57145.90486111112,2,52,8.168946266174316,-748.2842277231209,0.0209835097193717,-8.58717155456543,1.0648724583877325,1.0648605839080325,1.1339280631609556
6,57145.90236111111,57145.90486111112,2,54,8.681018829345703,0.003951569778386,0.0110581815242767,-8.242715835571289,1.0577756863922745,,1.1189307743620465
6,57145.90236111111,57145.90486111112,2,55,8.174379348754883,0.0005304935148403,-0.0063628479838371,-8.718893051147461,1.0490773199304435,1.0491039067343295,1.1006190071252329
6,57145.90236111111,57145.90486111112,2,56,8.325547218322754,0.00353041604797,-63.407414855309526,-8.546913146972656,-1.044665969054927,1.044686605220086,1.091370103126268
6,57145.90236111111,57145.90486111112,2,57,7.138246536254883,0.001704053575565,-0.0065642148256301,-6.491313457489014,1.0477031093066858,1.047728439352684,1.097734882628411
6,57145.90236111111,57145.90486111112,2,58,787.326192855835,-0.003099225539018,0.0011562146246433,-8.387740135192871,1.0372194425515162,1.0372412526158676,1.075869416128134
6,57145.90236111111,57145.90486111112,2,59,8.162162780761719,0.0064147211986668,0.0080479085445404,-6.777386665344238,1.0311539529169391,1.0311602933773047,1.063291550637969
6,57145.90236111111,57145.90486111112,2,60,6.377357482910156,-0.0035544756657898,-0.0011356472969055,-7.756865501403809,1.0389691828877123,1.0389896010769737,1.0794993911460884
6,57145.840871791486,57145.90486111112,2,61,8.847444534301758,-0.0006052488246471,0.0035668015480041,-6.688075542449951,1.047936949786461,1.047963495472567,1.0982274878430809
6,57145.90236111111,57145.90486111112,2,62,8.554061889648438,0.0018704770639382,-0.0020550712943077,-8.381999969482422,1.0467832037137492,1.0468082099618987,1.0958074284436348
6,57145.90236111111,57145.90486111112,2,63,8.639132499694824,0.0088080735580744,0.0137869529426097,-7.221180915832519,1.04685346651888,1.0468431082841745,1.0958804933620714
6,57145.90236111111,57145.90486111112,2,64,7.315014839172363,0.0110446399292799,0.0121735334396362,-7.696151733398437,1.0595654574511375,1.0595349177935898,1.122614242023869
6,57145.90236111111,57145.90486111112,2,65,7.28256893157959,-0.0084678331054314,-0.0062882453203201,-7.441357612609863,1.0563927105737363,1.0563857097621383,1.1159507677896574
6,57145.90236111111,57145.90486111112,2,66,7.827814102172852,-0.0005465127668583,0.0111031532287597,-7.401659488677978,1.0550361275801234,1.0550628888916542,1.113157699516403
6,57145.90236111111,57145.90486111112,2,67,8.487067222595215,0.0012119331364846,0.0068665742874145,-826.50146484375,1.0384895069415998,1.038515259093651,1.0785139433703532
6,57145.90236111111,57145.90486111112,2,69,7.131730556488037,0.0108203183562835,0.0143726468086242,-8.043387413024902,1.0606544051984466,-1.06062624820178,1.124928038374584
6,57145.90236111111,57145.90486111112,2,70,6.75197696685791,0.0083137643125828,0.0134223252534866,-8.33137035369873,1.0438795760408175,1.0438730809862116,1.0896710092076458
6,57145.90236111111,57145.90486111112,2,71,7.634532928466797,0.0031004545301298,0.0025513172149658,-8.286030769348145,1.0540443191992506,1.0540666202381883,1.1110564399003575
6,57145.90236111111,57145.90486111112,2,72,8.61857795715332,0.0096226163792512,0.0001637339591979,-8.27198314666748,1.0564365593664462,1.0564196471157847,1.1160224708122393
6,57145.90236111111,57145.90486111112,2,73,8.624431610107422,2.810654025106321e-05,-0.0011295080184936,-7.6457905769348145,1.051992131227233,1.0520189178434372,1.1067438035004766
6,57145.90236111111,57145.90486111112,2,74,7.807031631469727,-0.0062268396518937,-0.0066364482045173,-7.412490367889404,1.055350950493186,1.0553594606259928,1.1137835911327865
6,57145.90236111111,57145.90486111112,2,75,7.922102928161621,0.00106638103644,1.000240445137024e-05,-7.567276477813721,1.0693820262045235,1.069408736775231,1.143635046291195
6,57145.90236111111,57145.90486111112,2,76,7.360892295837402,0.0030718976664957,0.0055224634706974,-7.935177803039551,1.0482073041963242,-1.0482294920481576,-1.0987850679995383
6,57145.90236111111,57145.90486111112,2,76,7.360892295837402,0.0030718976664957,0.0055224634706974,-7.935177803039551,1.0482073041963242,-1.0482294920481576,-1.0987850679995383
6,57145.90236111111,57145.90486111112,2,77,8.685199737548828,0.0037812193201241,0.0003163665533065,-8.429018020629883,1.0541112847940046,1.054131347816835,1.1111928984501374
6,57145.90236111111,57145.90486111112,2,78,802.0331382751465,-0.0049887066868724,-0.0137120187282562,-8.482330322265625,1.05707768101881,1.0570928227018253,1.1174452358077125
6,57145.90236111111,57145.90486111112,2,79,8.081174850463867,-0.0124183529978448,-0.0091730207204818,-8.643126487731934,1.0600974699478822,1.0600517170139576,1.12370964274424
6,57145.90236111111,57145.90486111112,2,80,7.0817484855651855,-0.0117707241979084,-0.0068015605211257,-7.334547996520996,1.048673287826374,1.048633911963477,1.0996330813198258
6,57145.90236111111,57145.90486111112,2,81,8.46118450164795,-0.0025974511950908,-0.0072267949581146,-7.812176704406738,1.0528469983241668,1.0528705879356317,1.1085364749399225
6,57145.90236111111,57145.90486111112,2,82,7.085923194885254,-0.0182039659203314,-0.0220512263476848,-8.286022186279297,1.0496150541914082,1.0494838898442147,1.101416435042544
6,57145.90236111111,57145.90486111112,2,83,8.319249153137207,-9.75179577990807e-07,0.005362331867218,-6.667128086090088,1.0452255460899065,1.0452521445281415,1.092552045640679
6,57145.90236111111,57145.90486111112,2,84,6.320188522338867,-0.004706506849309,-0.0034437328577041,-7.952676773071289,1.0335045682331727,1.0335201542006776,1.0681639091389925
6,57145.90236111111,57145.90486111112,2,85,6.248876571655273,0.0057619617303676,0.0090889185667037,-7.213840007781982,1.048266662901052,1.0482775024440432,1.098885722130321
6,57145.90236111111,57145.90486111112,2,86,7.636868953704834,0.0044891623519279,0.0049285888671875,-8.370296478271484,1.0481985312286448,1.0482155893601588,1.0987559217776652
6,57145.90236111111,57145.90271920965,2,87,8.449947357177734,-0.0016595039910189,0.0030962657183408,-6.605925559997559,1.050188566328316,1.0502139784985236,1.1029494006336975
6,57145.90236111111,57145.90486111112,2,88,7.160074234008789,0.0008205473559482,0.0007237792015075,-6.65740966796875,1.0502793549258655,,1.1031421810670918
6,57145.90236111111,57145.90486111112,2,89,6.726108551025391,0.0086462949373254,0.0116212218999862,-7.841464042663574,1.0343499717840194,1.034340144667945,1.0698595348717057
6,57145.90236111111,57145.90486111112,2,90,7.02679443359375,-0.0064411955822761,-0.0038472339510917,-7.966873168945312,1.026580367337488,1.0265862739045273,1.053879377769181
6,57145.90236111111,57145.90486111112,2,91,8.346731185913086,-0.0121209843538221,-0.004550464451313,-7.18134069442749,1.046065395395589,1.0460217773580789,1.094161558707354
6,57145.90236111111,57145.90486111112,2,92,6.721171855926514,-0.0164788483511175,-0.002934455871582,-6.181638717651367,,1.0395859696112286,-1.0807389882125185
6,57145.90236111111,57145.90486111112,2,93,4.940975189208984,-0.0069430403281184,-0.007165677845478,-5.699155807495117,1.0268860458475468,1.0268886955792893,1.0545003931085344
6,57145.90236111111,57145.90486111112,2,94,7.250888824462891,0.0022836094913097,-63.407414855309526,-726.1265754699707,1.0258559961085272,1.0258795505569287,1.052428852250886
6,57145.90236111111,57145.90486111112,2,95,5.930107116699219,-0.0025937993113633,0.0005268156528472,-6.325027942657471,1.0343156108629226,1.034338669915665,1.0698564840829068
6,57145.90236111111,57145.90486111112,2,95,5.930107116699219,-0.0025937993113633,0.0005268156528472,-6.325027942657471,1.0343156108629226,1.034338669915665,1.0698564840829068
6,57145.90236111111,57145.90486111112,2,96,5.915719509124756,-0.0067051585616242,-0.0063630910590291,-6.231658935546875,1.0326540003362568,1.0326584999785138,1.0663835775778745
6,57145.90236111111,57145.90486111112,2,97,6.2281694412231445,-0.0036147052169529,-0.0065285339951515,-5.09276294708252,,1.034474909671527,1.0701383387399144
6,57145.90236111111,57145.90486111112,2,98,6.270390033721924,-0.0100818131895636,-0.0145901553332805,-6.4011311531066895,1.027376410410304,1.0273530756286728,var-error
6,57145.90236111111,57145.90486111112,2,99,6.794319152832031,-0.0054101243062659,-0.0133334398269653,-5.709002494812012,1.0295719688941274,1.0295839461540122,1.0600431021780676
6,57145.840871791486,57145.90486111112,2,100,7.366799354553223,-0.0021573840414477,-0.0064097493886947,-8.101275444030762,1.0410217367340395,1.0410459832512535,1.0837767392435695
6,57145.90236111111,57145.90486111112,2,102,5.458063125610352,-0.0001636037259176,-0.0061188302934169,-5.990309238433838,1.0206804860079377,1.0207064374722072,1.041841631497205
6,57145.90236111111,57145.90486111112,2,104,5.724332809448242,0.0021727229955838,0.0011293366551399,-6.016715049743652,1.0293215173652612,1.0293454085710363,1.0595519701462734
6,57145.90236111111,57145.90486111112,2,105,4.981037616729736,-0.0032629993640713,-0.0040170177817344,-7.4206037521362305,1.030649448690781,1.030670501448636,1.0622816825563826
6,57145.90236111111,57145.90486111112,2,106,7.056412696838379,0.0022978705919196,0.0084391795098781,-7.085954189300537,1.0356955817134714,1.0357193790708974,1.0727146321830052
6,57145.90236111111,57145.90486111112,2,107,5.619692802429199,-0.0036089792173874,0.00010746717453,-4.582739353179932,1.0311306928329007,1.0311506073152024,1.0632715749665105
6,57145.90236111111,57145.90486111112,2,108,5.9664459228515625,-0.001950857949202,-0.0106248706579208,-4.436051845550537,1.017931933849554,1.0179559590563938,1.0362343345784224
6,57145.90236111111,57145.90486111112,2,110,4.753056049346924,-0.0035837657667114,-0.008939653635025,-5.868205547332764,1.0212152944619242,1.0212349841830508,1.042920892919356
6,57145.90236111111,57145.90486111112,2,111,5.187614440917969,-0.0121247593309096,-0.0103688370436429,-6.329695701599121,1.0347457652028165,,1.0706062559640477
6,57145.90236111111,57145.90486111112,2,113,6.060859680175781,0.0082177013589208,0.008710965514183,-6.481305122375488,1.0213619396196436,,1.0431657521986546
6,57145.90236111111,57145.90486111112,2,115,6.547232627868652,-0.0012475560656356,0.0046523660421371,-623.997688293457,1.0354930461429674,1.0355186359851736,1.0722988454725946
6,57145.90236111111,57145.90486111112,2,116,5.621253967285156,-0.001583304905369,-0.0026836842298507,-5.757674217224121,1.027204572717761,1.0272294829941402,1.0552004107324089
6,57145.90236111111,57145.90486111112,2,117,7.640535354614258,6.810656207523236e-05,0.0023123056162148,-7.584183692932129,1.040928581787539,1.040955059217055,1.0835874353095816
6,57145.90236111111,57145.90486111112,2,118,7.565400123596191,-0.0053929178914868,-0.0133221447467803,-9.065511703491213,1.0353730912753385,1.0353853868696028,1.072022899343117
6,57145.90236111111,57145.90486111112,2,120,7.9365973472595215,-748.2842277231209,0.0038730278611183,-8.134403228759766,1.0446909990667694,1.0446962438895753,1.0913902419969868
6,57145.90236111111,57145.90486111112,2,121,7.947005271911621,0.0049273548775696,0.0166303813457489,-7.177073001861572,1.0447420537128906,1.0447570118401592,1.0915172137891784
6,57145.90236111111,57145.90486111112,2,122,7.19819450378418,0.0131417073456073,0.015148788690567,-6.978107452392578,1.0409633365409556,1.040906858857107,1.0834870888157702
6,57145.90236111111,57145.90486111112,2,123,9.089188575744627,0.0079282870309062,0.007943756878376,-7.218509674072266,1.0433798377989103,1.0433762645435627,1.0886340294128785
6,57145.90236111111,57145.90486111112,2,125,7.589414596557617,-0.0052421241357967,-0.0042744278907775,-7.666624069213867,1.0358101506838109,1.035823258951992,1.0729298237859255
6,invalid_time,57145.90486111112,2,126,8.175742149353027,-0.0036220574745423,0.0050990581512451,-7.335662841796875,1.047237208574094,1.0472576227726225,1.0967485284553644
6,57145.90236111111,57145.90486111112,2,127,8.878972053527832,0.0041373777672507,0.0082662105560302,-8.52770709991455,1.046791406679455,1.0468099090962748,1.0958109857821512
7,57145.9050462963,57145.90754629629,2,-10,6.707211494445801,-0.0041754134934435,-0.0068430118262767,-7.5694475173950195,1.025171576154899,1.0251896437898702,1.0510138057340008
7,57145.9050462963,57145.90754629629,2,-10,7.853977680206299,0.0041882907689462,-0.004086822271347,-8.178577423095703,1.061925887293663,1.0619451854251298,1.1277275768476132
7,57145.9050462963,57145.90754629629,2,-10,7.237983226776123,-0.00321064433582,0.0001383870840072,-6.862344741821289,1.0327350947933769,1.0327568916652865,1.0665867972821437
7,57145.9050462963,57145.90754629629,2,-10,6.5770111083984375,0.0055572954982614,0.0139248371124267,-6.032584190368652,1.0151656949421357,1.0151767949121095,1.0305839249280235
7,57145.9050462963,57145.90540439481,2,-10,8.819101333618164,0.0104376346976404,0.0135164428502321,-8.632525444030762,1.0345027342845234,1.034476897310825,1.0701424510698312
7,57145.9050462963,57145.90754629629,2,0,4.412326812744141,-0.0076428205984629,-0.0030039232224226,-5.080559730529785,0.9838665492008308,0.9838623630359596,0.9679851493987022
7,57145.9050462963,57145.90754629629,2,0,4.412326812744141,-0.0076428205984629,-0.0030039232224226,-5.080559730529785,0.9838665492008308,0.9838623630359596,0.9679851493987022
7,57145.9050462963,57145.90754629629,2,2,4.615699768066406,-0.0055526960169015,-0.0088988058269023,-4.200029850006104,0.9929954074518692,0.9930056189034734,-0.9860601591738702
7,57145.9050462963,57145.90754629629,2,3,6.782191276550293,-0.0085872290014898,-0.0078773945569992,-6.440206527709961,1.0471734906906618,1.0471654252540852,1.0965554278475689
7,57145.9050462963,57145.90754629629,2,4,7.388167381286621,-0.0167163351817927,-0.0200700163841247,-7.155851364135742,1.0378931563469642,1.0377854306621737,1.0769986000946732
7,57145.9050462963,57145.90754629629,2,5,4.591655731201172,0.00089237942437,-0.0029596537351608,-4.604813098907471,,1.0027176363323949,1.005442658212025
7,57145.9050462963,57145.90754629629,2,6,4.55290412902832,-0.0109740606873962,-0.0109689012169837,-4.196112632751465,0.9879067831505308,0.987871432627657,0.9758899674018192
7,57145.9050462963,57145.90754629629,2,7,5.006624698638916,-0.0097718322379257,-0.0094132721424102,-4.726357460021973,0.994536398543628,0.9945141663769116,0.9890584271243634
7,57145.9050462963,57145.90754629629,2,8,4.548677444458008,-0.0026449959881504,-0.006166148930788,-4.226968765258789,0.9806318233915474,0.9806536726952232,0.9616816257706295
7,57145.9050462963,57145.90754629629,2,9,4.063893795013428,-0.0025729818301278,-0.0008866870775818,-4.397377967834473,,0.9944957266450368,0.9890217503152396
7,57145.9050462963,57145.90754629629,2,9,4.063893795013428,-0.0025729818301278,-0.0008866870775818,-4.397377967834473,,0.9944957266450368,0.9890217503152396
7,57145.9050462963,57145.90754629629,2,10,4.253645896911621,-0.008664635113855,-0.0089369118213653,-4.651241779327393,0.9950896894766508,0.9950777558190136,0.9901797401258048
7,57145.9050462963,57145.90754629629,2,11,4.762314319610596,0.0048070524544703,-0.0042891399934887,-4.457706928253174,0.9880426375193532,0.9880565520141994,0.9762557499781884
7,57145.9050462963,57145.90754629629,2,12,3.9082112312316895,-0.0073954330756969,-0.0026516579091548,-4.0689697265625,0.9917862099033744,0.991784341711294,0.9836361804637046
7,57145.9050462963,57145.90754629629,2,13,4.020334720611572,-0.0134111202882227,-0.0103749483823776,-4.337660789489746,0.9971826692080882,0.997118325108163,0.9942449542665082
7,57145.9050462963,57145.90754629629,2,14,4.816895484924316,-0.0133598430914752,-63.407414855309526,-3.9717397689819336,0.9935204233650856,0.9934563427915432,0.9869555050327482
7,57145.9050462963,57145.90754629629,2,15,5.518136978149414,-0.0078468381464351,-0.0101544708013534,-5.275307655334473,0.9995594803005976,0.9995545860940456,0.9991093705816386
7,57145.9050462963,57145.90754629629,2,16,5.276063919067383,-0.0010808396395299,0.0021597370505332,-6.063924789428711,1.007046601217946,1.0070721223063437,-1.0141942595266034
7,57145.9050462963,57145.90754629629,2,17,8.057936668395996,0.0015283462977304,0.0039689987897872,-7.085514068603516,1.2983780395374442,1.298410793728599,1.6858705892709296
7,57145.9050462963,57145.90754629629,2,18,6.861397743225098,-0.0132142632531371,-0.0185885839164257,-7.420586585998535,1.2035764716623878,1.2035351216958408,1.448496789155422
7,invalid_time,57145.90754629629,2,20,7.9903435707092285,0.0059242843156007,0.007852628827095,-8.27247428894043,1.0426103313140425,1.0426205320508914,1.087057573854084
7,57145.9050462963,57145.90754629629,2,21,8.168493270874023,0.0049937118897959,-0.0018092840909957,-7.5925798416137695,1.0328121407534137,1.0328268410046957,1.066731283499739
7,57145.9050462963,57145.90754629629,2,22,805.6902885437012,-0.0016835535477038,-0.0008095130324363,-8.424639701843262,1.0415913617931951,-1.0416170032397694,1.0849659814381976
7,57145.9050462963,57145.90754629629,2,23,8.407154083251953,-0.01370519094575,-0.0128174107521772,-7.567893028259277,1.0437469799332255,-1.0436840701367092,1.0892764382571272
7,57145.9050462963,57145.90754629629,2,24,7.630702018737793,-0.0081292218309915,-0.013989970088005,-6.163503646850586,-1.0431459150222924,1.0431413157298972,1.0881438045827012
7,57145.9050462963,57145.90754629629,2,26,8.092490196228027,-0.0038554909763668,-0.0062565207481384,-8.67271900177002,1.045709216550892,1.0457292457772034,-1.0935496554737587
7,57145.9050462963,57145.90754629629,2,27,8.14992618560791,-0.0048361003278277,-0.00330351293087,-7.568109512329102,1.0588402773581638,1.058856726336675,1.1211775669084203
7,57145.9050462963,57145.90754629629,2,28,8.242973327636719,-0.0102971443858083,-0.0159990787506103,-8.020617485046387,1.0669242591659114,1.0669022584213017,1.138280429024474
7,57145.9050462963,57145.90754629629,2,30,8.38735294342041,0.0139822147854483,0.0167575180530548,-7.816433906555176,1.0445042837955367,-1.0444377980931994,1.0908503140857708
7,57145.9050462963,57145.90754629629,2,31,8.236041069030762,0.0079150643784308,0.0093400254845619,-7.938984870910644,1.057525457388019,1.057523282448681,1.118355492921033
7,57145.9050462963,57145.90754629629,2,32,8.210390090942383,-748.2842277231209,-0.0012956261634826,-8.559000015258789,1.0784286635228764,1.0784386650563995,1.1630299542886298
7,57145.9050462963,57145.90754629629,2,33,8.117348670959473,-0.0001055776443192,-0.0065310094505548,-7.848584651947021,1.0461259302149926,1.0461530811188238,1.094436269134408
7,57145.9050462963,57145.90754629629,2,34,8.358264923095703,0.0007237426627974,-0.0059564039111137,-8.575758934020996,-1.0615537062023148,1.0615810147687577,1.126954250917465
7,57145.9050462963,57145.90754629629,2,35,8.208510398864746,0.0016128835228913,-0.0027696155011653,-8.817793846130371,1.060185342568247,1.0602116368757202,1.124048714966694
7,57145.9050462963,57145.90754629629,2,39,8.502226829528809,0.0019188438989316,-0.0068071782588958,-8.078298568725586,1.0435185150524025,1.0435438238845227,1.088983712367532
7,57145.9050462963,57145.90754629629,2,40,8.271465301513672,-0.0037032293657564,-0.0007130205631256,-8.345335006713867,1.0472347556918935,-1.0472553716867017,1.0967438135266518
7,57145.9050462963,57145.90754629629,2,41,7.75575065612793,-0.0002789220301706,0.0039028637111186,-7.030648231506348,1.0577084173393128,1.057735823213979,1.118805071710154
7,57145.9050462963,57145.90754629629,2,42,8.12601375579834,-0.0097794577079305,-0.00834521651268,-8.604276657104492,1.068443585725091,1.06842655058631,1.1415352939977608
7,57145.9050462963,57145.90754629629,2,43,8.11759090423584,-0.0047357596345993,-0.0037959292531013,-7.980512619018555,1.0394240339325764,1.0394402036733148,var-error
7,57145.9050462963,57145.90754629629,2,44,8.008970260620117,-0.0002290462377081,-0.0080365799367427,-7.242264270782471,1.0558836448324618,1.055911009611597,1.1149480602189816
7,57145.9050462963,57145.90754629629,2,45,8.739299774169922,-0.0052571114756606,-0.002121090888977,-7.3594207763671875,-1.0693169328994117,1.069331752046974,1.1434703959358514
7,57145.9050462963,57145.90754629629,2,46,8.50845718383789,0.0165137409954309,0.0090365335345268,-7.314007759094238,1.0709051881549283,1.0708056427582162,1.1466247245628365
7,57145.9050462963,57145.90754629629,2,47,810.184383392334,0.003969048634442,0.0083271786570549,-7.475936889648437,1.0705824071323131,1.0706028290993388,1.146190417675508
7,57145.9050462963,57145.90754629629,2,48,8.410633087158203,0.0061583231929401,0.0024768374860286,-7.410653114318848,1.065195561124746,1.0652053941195831,1.1346625316614565
7,57145.9050462963,57145.90754629629,2,49,8.229877471923828,0.0040415683650574,0.0039616078138351,-6.8274760246276855,1.061190283225413,-1.061210119783738,1.1261669183314158
7,57145.9050462963,57145.90754629629,2,50,8.187644004821777,0.0089567939044846,2.458691596984864e-06,-7.862667083740234,1.0546049331184226,1.0545942498899574,1.112169031900962
7,57145.9050462963,57145.90754629629,2,51,7.834855556488037,-0.005877758193418,-0.0120034515857696,-7.887582302093506,1.0405994401848515,1.040609834105318,1.0828688268366975
7,57145.9050462963,57145.90754629629,2,51,7.834855556488037,-0.005877758193418,-0.0120034515857696,-7.887582302093506,1.0405994401848515,1.040609834105318,1.0828688268366975
7,57145.9050462963,57145.90754629629,2,52,8.444380760192871,-0.0079283819872999,0.0004258155822753,-7.50965690612793,1.046247378351005,1.0462444835061395,1.0946275192670292
7,57145.9050462963,57145.90754629629,2,52,8.444380760192871,-0.0079283819872999,0.0004258155822753,-7.50965690612793,1.046247378351005,1.0462444835061395,1.0946275192670292
7,57145.9050462963,57145.90754629629,2,54,870.5844879150391,0.0072754457248221,0.0128901675343513,-8.564380645751953,1.037677977845611,1.0376793752053737,1.0767784857266147
7,57145.9050462963,57145.90754629629,2,55,8.890352249145508,0.0082478097853843,0.0097829103469848,-7.696399688720703,1.0301260151693463,1.0301197015448036,1.0611465995107554
7,57145.9050462963,57145.90754629629,2,56,8.69788646697998,0.0050601441363435,-0.0004473254084587,-8.37069320678711,1.0422373820014936,1.042252113928819,1.0862894689890918
7,57145.9050462963,57145.90754629629,2,57,7.595780372619629,-0.0041615313780018,-0.0099526606500148,-8.224884986877441,1.0340686754896933,1.0340871167492272,1.06933616502673
7,57145.9050462963,57145.90754629629,2,58,8.039395332336426,-0.003345891702215,-0.0028468668460845,-8.24483871459961,1.0277547530085047,1.0277759540357037,1.056323411694001
7,57145.9050462963,57145.90754629629,2,59,7.737241744995117,-0.0122861766406275,-0.0102426707744598,-8.555047988891602,1.025155253807287,1.025108211824401,1.050846845949821
7,57145.9050462963,57145.90754629629,2,60,7.913957118988037,-0.009018889757277,-0.0156243592500686,-8.573543548583984,1.0303717763019138,1.0303590254508286,1.0616397213279811
7,57145.9050462963,57145.90754629629,2,61,7.547781944274902,-0.0012215140099917,-0.0007954761385917,-8.332609176635742,,1.030032055834428,1.060966036046498
7,57145.9050462963,57145.90754629629,2,62,7.245231628417969,0.0020923510345996,0.0093243569135665,-7.380741119384766,1.0192947356036042,1.0193190079615044,1.0390112399916254
7,57145.9050462963,57145.90754629629,2,64,8.247856140136719,0.0040144348353751,-0.0011670663952827,-8.378783226013184,1.0555465860736832,,1.114220250216708
7,57145.9050462963,57145.90754629629,2,65,7.730978012084961,0.0103516425897629,0.0118753984570503,-7.394856929779053,1.0371168838973346,1.0370921051865434,1.0755600346402563
7,57145.9050462963,57145.90754629629,2,66,7.356740474700928,-748.2842277231209,-0.0015507638454437,-7.288677215576172,1.0298672042023689,1.029880321885408,1.0606534774067915
7,57145.9050462963,57145.90754629629,2,68,5.765468597412109,0.0048387536956505,0.0105977039784193,-580.2693367004395,1.022300208882132,1.022315253595153,1.0451284777333218
7,57145.9050462963,57145.90754629629,2,69,6.569044589996338,0.0076275176255497,0.0011033820919692,-6.52939510345459,1.0292397346330793,1.0292381467416625,1.0593311627082116
7,57145.9050462963,57145.90754629629,2,70,6.514039516448975,4.170781548692431e-05,-0.0025867223739624,-6.594425201416016,1.031771980149598,1.0317987212745732,1.0646086012238445
7,57145.9050462963,57145.90754629629,2,71,6.238548278808594,-0.0014761665484485,0.0098090134561061,-6.936147689819336,1.0249746886188684,1.02500019139715,1.0506253923641944
7,57145.9050462963,57145.90754629629,2,72,6.703488349914551,-0.0076473186255957,-0.0085643753409385,-5.960939884185791,1.0211891811754947,1.0211870136998715,1.0428229169492618
7,57145.9050462963,57145.90754629629,2,74,6.131120681762695,0.0040842923692483,0.0066668689250946,-5.83052396774292,1.035486307085085,1.0355050901987148,1.0722707918274483
7,57145.9050462963,57145.90754629629,2,75,8.309375762939453,-0.0168550270145488,-0.0059982240200042,-6.692321300506592,1.029650758258926,1.0295394783292573,1.0599515374384791
7,57145.9050462963,57145.90754629629,2,76,7.325673103332519,-0.0124077229951177,-0.0096701458096504,-6.103564262390137,1.0187468903627956,1.0186977306862612,1.0377450665053385
7,57145.9050462963,57145.90754629629,2,78,6.53498649597168,0.0073741560672093,0.0141844153404235,-6.965800285339356,1.0290784211507904,1.0290786728511607,1.0590029149171063
7,57145.9050462963,57145.90754629629,2,81,8.21832275390625,-0.0024963996759602,-0.0074544325470924,-7.104855060577393,1.0345326250052502,1.034556427838892,1.0703070023827688
7,57145.9050462963,57145.90754629629,2,82,7.813279628753662,0.0022521697936368,0.004751831293106,-6.848231315612793,1.0355743132308162,1.035598707453645,1.0724646828796602
7,57145.9050462963,57145.90754629629,2,83,6.635109901428223,0.0150993342000242,0.0129311829805374,-7.902342796325684,1.0368476572565914,1.036764579715966,1.074880793753624
7,57145.9050462963,57145.90754629629,2,84,8.087559700012207,0.0068651557089479,0.0090493708848953,-8.20508098602295,,1.043025715500601,1.0879026431955408
7,57145.9050462963,57145.90754629629,2,85,8.040782928466797,0.0193139992380947,0.0158529579639434,-7.224533081054687,,1.036021884993686,1.07334134618587
7,57145.9050462963,57145.90754629629,2,86,7.723376274108887,0.0039509422357825,0.0117220878601074,-8.105340003967285,,1.0536082358645076,1.1100903146815198
7,57145.9050462963,57145.90754629629,2,89,886.9754791259766,0.0087345336038859,0.0062963739037513,-8.02087116241455,1.053563465290501,1.0535545680639946,1.10997722788851
7,57145.9050462963,57145.90754629629,2,90,8.499794006347656,0.0030021810901634,0.0046796947717666,-8.627824783325195,1.057700349368634,1.05772350822541,1.118779019852669
7,57145.9050462963,57145.90754629629,2,91,8.154949188232422,0.0017206035570357,-0.0032691285014152,-8.3112211227417,1.068402583027264,1.0684289205151956,1.141540358193266
7,57145.9050462963,57145.90754629629,2,92,8.548102378845215,0.0051819744000061,-0.0065743662416934,-7.948456764221191,1.0627630242509047,1.0627779612705637,1.1294969949624158
7,57145.9050462963,57145.90754629629,2,93,8.484516143798828,0.0030809875684712,0.0027858316898345,-8.21300220489502,1.0394207959338464,1.0394431753688311,1.0804421148208383
7,57145.9050462963,57145.90754629629,2,94,799.8362541198729,0.0044180384542345,0.0057491613551974,-7.318986415863037,1.0371047140415417,1.0371221947278817,1.0756224467971782
7,57145.9050462963,57145.90754629629,2,94,799.8362541198729,0.0044180384542345,0.0057491613551974,-7.318986415863037,1.0371047140415417,1.0371221947278817,1.0756224467971782
7,57145.9050462963,57145.90754629629,2,95,8.085987091064453,-0.0002666100870075,-0.0059174001216888,-8.330719947814941,1.049767544731199,,1.1020689851797854
7,57145.84355697667,57145.90754629629,2,96,7.636847019195557,-0.006850168210488,-0.0105644166469573,-7.80283260345459,1.0477503754570583,,1.0977908697335124
7,57145.84355697667,57145.90754629629,2,96,7.636847019195557,-0.006850168210488,-0.0105644166469573,-7.80283260345459,1.0477503754570583,,1.0977908697335124
7,57145.9050462963,57145.90754629629,2,97,8.545696258544922,-0.0090606348454326,-0.0224857330322265,-8.763030052185059,,1.053850616061685,var-error
7,57145.9050462963,57145.90754629629,2,97,8.545696258544922,-0.0090606348454326,-0.0224857330322265,-8.763030052185059,,1.053850616061685,var-error
7,57145.9050462963,57145.90754629629,2,98,7.664303779602051,0.0080308359132252,0.0028281807899475,-8.662102699279785,1.0452764922537627,1.0452727424508672,1.092595106110757
7,57145.84355697667,57145.90754629629,2,99,8.237722396850586,0.0054376250913046,0.0115973278880119,-8.634812355041504,1.055980969770124,1.0559943556363551,1.115124079135841
7,57145.9050462963,57145.90754629629,2,100,7.963438987731934,-0.0115189695642572,-0.0117774009704589,-7.746223449707031,1.0593208615844023,1.0592857115708951,1.122086218738258
7,57145.9050462963,57145.90754629629,2,101,7.050045967102051,-748.2842277231209,-0.0090100318193435,-8.990774154663086,1.0415131033770857,1.0415303003212044,-1.084785366487178
7,57145.9050462963,57145.90754629629,2,104,7.139096260070801,0.0004941132674187,-0.0049558579921722,-8.492502212524414,1.042571246321751,,1.0870109426689865
7,57145.9050462963,57145.90754629629,2,105,8.368630409240723,0.0019784832590203,-0.0024750307202339,-8.023231506347656,1.036237988341265,1.0362629683997533,1.073840939676668
7,57145.9050462963,57145.90754629629,2,106,8.00534725189209,-0.0034807842745233,-63.407414855309526,-7.202292442321777,1.054228939176,1.0542505365604704,1.1114441938380395
7,57145.9050462963,57145.90754629629,2,107,8.641758918762207,-0.0054007045363823,-0.0049567073583602,-7.743256568908691,1.0488105953618496,1.0488238818605078,1.1000315351609444
7,57145.9050462963,57145.90540439481,2,108,7.627331733703613,0.0002088447726818,-0.0093674734234809,-9.160151481628418,1.0346810587585469,1.0347078592188566,1.0706203539292691
7,57145.9050462963,57145.90754629629,2,109,827.409839630127,-0.0031178959036888,-0.0083977282047271,-8.884856224060059,1.0362764374809683,1.0362986069744178,-1.0739148028171188
7,57145.9050462963,57145.90754629629,2,110,8.441590309143066,0.003734458680564,0.0067901164293289,-7.099466800689697,1.0492259209474484,1.0492464748033083,1.1009181648871698
7,57145.9050462963,57145.90754629629,2,111,8.52446174621582,-0.0008112937931328,0.004845879971981,-8.0144681930542,1.0471278585913215,1.0471547039753637,1.0965329740577316
7,57145.9050462963,57145.90754629629,2,112,8.909955978393555,0.0035385073407374,0.0062509551644325,-7.797928810119629,1.0366581140725044,1.0366789545205866,1.0747032547458966
7,57145.9050462963,57145.90754629629,2,113,7.243781566619873,-0.0002133152812344,0.0002303048968315,-7.831790924072266,1.0358727398517824,1.0358995828520692,-1.073087945753091
7,57145.9050462963,57145.90754629629,2,114,8.751087188720703,0.0074728764395529,0.0141015648841857,-7.744535446166992,1.031675968945405,1.031675662144958,1.064354671862238
7,57145.9050462963,57145.90754629629,2,115,7.717140197753906,0.0021254264674974,0.0036391988396644,-7.528298854827881,1.0216990551752445,1.021723334873168,1.0439185730243477
7,57145.9050462963,57145.90754629629,2,116,7.997368335723877,-0.0070093328891705,-0.0101970434188842,-8.44473934173584,1.022903034634402,-1.0229055332278154,1.046335729908081
7,57145.9050462963,57145.90754629629,2,117,8.027668952941895,0.004967070358489,-0.0042760968208312,-5.726174354553223,1.0224294922006616,1.022443941484456,1.0453916134782697
7,57145.9050462963,57145.90754629629,2,118,8.682595252990723,0.006786238802695,0.0152783095836639,-7.890546798706055,1.0327626618162185,1.0327671506516845,1.066607987465199
7,57145.9050462963,57145.90754629629,2,120,7.62251091003418,0.007920437450475,-63.407414855309526,-7.665020942687988,1.0271616456997044,1.0271577476578406,1.0550530385735284
7,57145.9050462963,57145.90754629629,2,121,7.932915210723877,-0.0015106664670473,-0.0107004046440124,-7.762490272521973,1.0302157451268052,1.0302413446779697,1.0613972282838708
7,57145.9050462963,57145.90754629629,2,122,7.7799482345581055,0.0010227949519505,0.0035314969718456,-7.401456832885742,1.0138723814179045,1.0138981489936838,1.027989456532818
7,57145.9050462963,57145.90754629629,2,123,7.656229019165039,-0.0095373996508049,-0.0013139843940734,-8.811631202697754,1.0239937498835188,1.0239758838410284,1.0485266106880156
7,57145.9050462963,57145.90754629629,2,124,8.461819648742676,-0.015043197042783,-0.0153056122362613,-8.194692611694336,1.0263874555090855,1.0263038257592845,1.0532995427681435
7,57145.9050462963,57145.90754629629,2,125,8.181670188903809,-0.0011433966859789,0.0044166222214698,-8.285104751586914,1.035714052766482,1.035740272712361,1.0727579125182758
7,57145.9050462963,57145.90754629629,2,126,7.703998565673828,-0.0026254627455928,-0.0062099248170852,-7.99359130859375,1.0293494381212678,1.0293727827873858,1.0596083259434466
7,57145.9050462963,57145.90754629629,2,127,6.743758678436279,0.0039228055291268,0.0107063651084899,-7.916114807128906,1.0267011904751189,1.0267203260197348,1.0541546278620708
8,57145.90773148148,57145.91023148148,2,-10,766.4994239807129,-0.0006655880474053,-0.0091198980808258,-7.438240051269531,,1.0186894516873637,1.0377281989791012
8,57145.90773148148,57145.91023148148,2,-10,5.999668598175049,-0.0023415998916863,-0.0034130383282899,-7.473583221435547,1.019711187573195,1.0197344494320244,-1.039858347358434
8,57145.90773148148,57145.91023148148,2,0,4.58953332901001,0.0003416971321053,0.0052522644400596,-4.098925590515137,0.9782732830425354,-0.97829810916707,0.9570671903998642
8,57145.90773148148,57145.91023148148,2,1,3.63985538482666,-0.0071938448250301,-0.0118438061326742,-4.608341217041016,0.9765730558235096,0.9765714009077354,0.9536917010708968
8,57145.90773148148,57145.91023148148,2,2,3.468086242675781,-0.0015609339978826,-0.0045097321271896,-5.646778106689453,0.9782754616759812,0.9782991021887164,0.9570691333432484
8,57145.90773148148,57145.91023148148,2,2,3.468086242675781,-0.0015609339978826,-0.0045097321271896,-5.646778106689453,0.9782754616759812,0.9782991021887164,0.9570691333432484
8,57145.90773148148,57145.91023148148,2,3,8.435979843139648,-0.0017193521476581,0.0003395080566406,-8.22458267211914,1.05411880112378,1.0541442468662825,1.111220093201282
8,57145.90773148148,57145.91023148148,2,3,8.435979843139648,-0.0017193521476581,0.0003395080566406,-8.22458267211914,1.05411880112378,1.0541442468662825,1.111220093201282
8,57145.90773148148,57145.91023148148,2,4,7.918961048126221,0.0015660815478879,0.0097060799598693,-7.642032146453857,1.0338425138519625,-1.0338676820308743,1.0688823839478934
8,57145.90773148148,57145.91023148148,2,5,4.733153343200684,-0.003524947775991,0.0063716806471347,-5.791106700897217,0.9930557479599924,0.993074753553723,0.9861974661457876
8,57145.90773148148,57145.91023148148,2,6,5.541570663452148,0.0016226211989087,0.0001272484660148,-6.493778228759766,0.9808597337490548,0.980883343171806,0.9621321329118988
8,57145.90773148148,57145.91023148148,2,7,4.237223148345947,0.0003494915902015,-0.0103339999914169,-6.114508152008057,0.9858665354298224,0.9858915524425116,0.9719821531775056
8,57145.90773148148,57145.91023148148,2,8,4.807239532470703,-0.0024829806475364,-0.0007592923939228,-6.618104934692383,0.9876569162456288,0.9876789195471783,0.9755096481178818
8,57145.90773148148,57145.91023148148,2,10,7.510507106781006,-0.002686603999705,0.001336358487606,-8.242804527282715,0.9903987267725546,0.9904202770206056,0.980932325133573
8,57145.90773148148,57145.91023148148,2,11,5.543535709381104,-0.0025106656383006,-0.0125880315899848,-7.820139408111572,0.9838161987496,0.9838380219005344,0.9679372533371564
8,57145.90773148148,57145.90808958001,2,12,8.483890533447266,-0.0049133085044123,-0.0121811665594577,-6.154500961303711,0.9963218313666834,,0.9926835590231454
8,57145.90773148148,57145.91023148148,2,13,7.650515079498291,0.0021272178652773,0.0084390118718147,-8.168196678161621,0.9943232986659908,0.994346322398472,0.9887246088673656
8,57145.90773148148,57145.91023148148,2,15,7.856654644012451,0.0014247563038861,-0.0010745823383331,-6.564557552337647,0.9896967915199936,0.9897209513292684,0.9795475615001118
8,57145.90773148148,57145.91023148148,2,16,6.583710193634033,0.0106597808344215,0.0092994719743728,-795.577335357666,1.000776727442851,1.0007454216408538,1.0014913989351304
8,57145.90773148148,57145.91023148148,2,17,7.937371730804443,0.0080856713676803,0.0090352669358253,-8.019560813903809,1.2455857504477208,1.2455912043231343,1.5514974482871566
8,57145.90773148148,57145.91023148148,2,19,6.901820659637451,-0.0059841502013955,-0.0050180330872535,-7.415315628051758,1.0146729535003478,1.0146811316843234,1.0295777989961794
8,57145.90773148148,57145.91023148148,2,20,8.497345924377441,-0.0088673267830022,-0.0035400465130805,-8.548720359802246,1.04022730548121,1.040215987440005,1.0820493005257843
8,57145.90773148148,57145.91023148148,2,21,8.720544815063477,-0.005078743593414,-0.0068565756082534,-8.031929016113281,1.0242996890051268,1.0243131689774012,1.049217468140526
8,57145.90773148148,57145.91023148148,2,23,7.829018592834473,0.0059510361567494,6.002187728881836e-05,-8.95040225982666,1.0472185972071923,-1.04722834222705,1.096687200763615
8,57145.90773148148,57145.91023148148,2,24,7.587528705596924,-0.0047338854439179,7.915496826171875e-05,-8.047113418579102,-1.0424857679599415,1.042501564370396,1.086809511714723
8,57145.90773148148,57145.91023148148,2,25,7.803372383117676,-0.0022652380775948,-0.0051261037588119,-6.943854331970215,1.0425694794428972,1.042593560139493,1.0870013316443423
8,57145.90773148148,57145.91023148148,2,26,8.201632499694824,-0.0034422526596177,-0.0068012624979019,-7.594134330749512,1.0378090617620417,1.0378297733549604,1.0770906384620087
8,57145.90773148148,57145.91023148148,2,27,8.08858585357666,0.0080942281527549,0.0129927732050418,-8.640167236328125,,1.046728838825843,1.0956412620296985
8,57145.90773148148,57145.91023148148,2,28,8.098631858825684,-0.0013090921984755,-0.0026964545249938,-7.445775032043457,1.0515989918330215,1.0516249594313616,1.105915055299013
8,57145.90773148148,57145.91023148148,2,29,8.196001052856445,0.0046489372156596,0.0012946277856826,-7.914979457855225,1.045850888989421,1.0458672070982056,1.0938382148834007
8,57145.90773148148,57145.91023148148,2,30,7.893744468688965,-0.0022912833887086,-0.0055953338742256,-7.971981525421143,1.0452930131183087,1.0453171209260586,var-error
8,57145.90773148148,57145.91023148148,2,31,8.185941696166992,0.0037812841710105,-63.407414855309526,-8.179985046386719,-1.0441405966498651,1.044160342105498,1.0902708200258704
8,57145.90773148148,57145.91023148148,2,31,8.185941696166992,0.0037812841710105,-63.407414855309526,-8.179985046386719,-1.0441405966498651,1.044160342105498,1.0902708200258704
8,57145.90773148148,57145.91023148148,2,32,7.700558662414551,0.0032174267783824,-0.0030116140842437,-8.333943367004395,1.047503214505446,1.047525000307196,1.097308626268591
8,57145.90773148148,57145.90808958001,2,33,7.979824542999268,0.0098349046968876,0.0139624252915382,-7.035064220428467,1.0381017959463537,1.038081656922093,1.077613526438118
8,57145.90773148148,57145.91023148148,2,35,7.820732116699219,-0.0052977127741443,0.00187249481678,-7.777206897735596,1.0363433906040755,1.0363562581069845,1.0740342937175107
8,57145.90773148148,57145.91023148148,2,36,7.698441982269287,0.0006973085221269,0.0009432658553123,-7.283203125,1.0314548172019655,1.031480868295901,1.063952781660465
8,57145.90773148148,57145.91023148148,2,37,8.084227561950684,0.0061689238249732,-0.0005029737949371,-6.858974456787109,1.025630094394098,1.025637699801002,1.0519326912530902
8,57145.90773148148,57145.91023148148,2,38,8.21852970123291,0.0096339867555648,0.0088683664798736,-7.84821605682373,1.0352223535147018,1.0352038995956483,1.071647113738037
8,57145.90773148148,57145.91023148148,2,39,6.663535118103027,-0.0086036573094842,-0.001928299665451,-7.335700988769531,1.0232020905619077,1.0231919826664904,1.0469218333929835
8,57145.90773148148,57145.91023148148,2,40,7.758323669433594,-0.005812042592007,7.18832015991211e-05,-7.592463493347168,1.0194904275587309,1.0194998286355126,1.0393799005878397
8,57145.90773148148,57145.91023148148,2,41,7.774377346038818,0.0042039696062652,-63.407414855309526,-7.209964752197266,1.034671542128343,1.034689356660765,1.0705820647870674
8,57145.90773148148,57145.91023148148,2,42,7.427802085876465,0.0076694176467543,0.0155395418405532,-8.033564567565918,1.035414786022071,,1.0720795929733653
8,57145.90773148148,57145.91023148148,2,43,7.369195461273193,-0.0032937362428506,0.0042353831231594,-7.628612518310547,1.033299373757138,1.033320436423316,1.067751124330072
8,57145.90773148148,57145.91023148148,2,44,7.573551177978516,0.0046826380193635,0.0149542167782783,-7.267355442047119,,1.0161218429672896,1.0325035997552412
8,57145.90773148148,57145.91023148148,2,45,8.116569519042969,0.0004343955302197,0.0018028989434242,-7.758238792419434,1.026850753159468,1.0268768174127356,1.0544759981397087
8,57145.90773148148,57145.91023148148,2,46,7.912580490112305,0.0058932779072145,0.007079929113388,-7.253590583801269,1.022807891492078,1.0228169686041566,1.0461545512645964
8,57145.90773148148,57145.91023148148,2,47,7.749792575836182,-0.0085444550785298,-0.0090179443359375,-7.928044319152832,1.0290312817806586,1.0290220232883174,1.0588863244123825
8,57145.90773148148,57145.91023148148,2,49,7.339119911193848,-0.0138013223365017,-0.0235747508704662,-7.388908863067627,1.0312522630939058,1.0311861754977103,1.0633449285375944
8,57145.90773148148,57145.91023148148,2,50,7.316472053527832,-0.0191507472321812,-0.02288219332695,-7.043327331542969,1.022737132280719,1.0225838605500273,1.0456777518573976
8,57145.90773148148,57145.91023148148,2,51,7.292314052581787,0.0061307422698541,0.0154547244310379,-7.110443592071533,1.0152900180064828,1.01529736509297,1.0308287395647275
8,57145.90773148148,57145.91023148148,2,52,6.678103446960449,0.0140059083087426,0.0124389231204986,-7.635959148406982,1.0136833122317106,1.013612365814458,1.027410028131983
8,57145.90773148148,57145.90808958001,2,55,8.4448881149292,-0.0085798115140049,-0.006239078938961,-7.672085762023926,1.0147485674918175,1.014738121109456,1.0296934544327487
8,57145.90773148148,57145.91023148148,2,56,7.062337875366211,0.0018723169439797,0.0013593323528766,-6.733922004699707,1.002981820296017,1.0030055961145876,1.006020225837179
8,57145.90773148148,57145.91023148148,2,57,6.220772743225098,-0.0063287164830998,-0.0024100486189126,-7.334345817565918,1.003558804450055,,1.007141501454062
8,57145.90773148148,invalid_time,2,58,6.003100395202637,-0.0164218367444999,-0.0233731940388679,-7.69270658493042,1.0111395406783252,1.0110319145105238,1.0221855321588151
8,57145.90773148148,57145.91023148148,2,59,6.515236854553223,-748.2842277231209,-0.0021042823791503,-7.3645830154418945,1.0049362350873603,1.004956979798416,1.0099385312455536
8,57145.90773148148,57145.91023148148,2,60,5.725310325622559,-0.0096580183808006,-0.007350530475378,-6.279711246490479,1.002182307069674,1.0021612798855923,1.0043272309019289
8,57145.90773148148,57145.91023148148,2,61,8.382887840270996,0.0017882568051838,-0.0031224340200424,-8.34444522857666,1.0065738799018928,1.0065979075234175,1.0132393474305228
8,57145.90773148148,57145.91023148148,2,62,5.487914085388184,-0.0055624341695396,-0.0119866132736206,-8.158376693725586,1.0011581486654264,1.0011681714466436,1.002337707517816
8,57145.90773148148,57145.91023148148,2,63,8.033437728881836,-0.000369235211513,0.0065573751926422,-7.407974720001221,0.9999376848664148,0.9999630639614198,0.9999261292871106
8,57145.90773148148,57145.91023148148,2,64,8.297840118408203,0.0044077598505847,0.0002314187586307,-7.909803867340088,1.001970180359333,1.001985991775623,1.003975927714579
8,57145.90773148148,57145.91023148148,2,65,6.059957981109619,-0.0049133636428047,-0.005229502916336,-7.961217403411865,1.0056820871176944,1.005695677824774,1.0114237963954316
8,57145.90773148148,57145.91023148148,2,66,6.662384510040283,0.0011318970723613,0.005777008831501,-5.785733222961426,1.0105296639793402,1.0105547481735178,1.021220899056042
8,57145.90773148148,57145.90808958001,2,67,6.59743595123291,0.0094562147239952,0.0060380585491657,-8.338874816894531,1.003360267920293,1.0033412347045538,1.0066936332584584
8,57145.90773148148,57145.91023148148,2,68,7.023740768432617,-0.0016242439769985,-3.5488978028297424e-05,-7.7010908126831055,0.999385958907303,0.999410069616922,0.998820487251701
8,57145.90773148148,57145.91023148148,2,70,5.713252544403076,-0.0022894333204538,0.0041180551052093,-699.8117446899414,1.0106462240738776,1.0106693493386512,1.0214525336926124
8,57145.90773148148,57145.91023148148,2,71,6.998174667358398,-0.0191931152384098,-63.407414855309526,-5.262773036956787,1.0070434530209895,-1.0068861602641923,1.013819739731569
8,57145.90773148148,57145.91023148148,2,71,6.998174667358398,-0.0191931152384098,-63.407414855309526,-5.262773036956787,1.0070434530209895,-1.0068861602641923,1.013819739731569
8,57145.90773148148,57145.91023148148,2,73,6.63773250579834,-0.0022668221306525,0.0056915283203125,-8.010077476501465,1.0073165502608743,1.0073396307511828,1.0147331316819297
8,57145.90773148148,57145.91023148148,2,74,7.553103446960449,0.007845304964096,0.0125427544116973,-7.105925559997559,1.0172293877966805,1.0172250181028055,1.034746737454253
8,57145.90773148148,57145.91023148148,2,77,6.808755397796631,-0.0107429482950149,-0.0103209465742111,-5.814052581787109,1.0343646691731443,1.0343352026623995,1.0698493114666672
8,57145.90773148148,57145.91023148148,2,78,6.92324686050415,-0.0020980666635498,-0.0050672739744186,-7.059379577636719,1.0337522386649158,1.033776420016158,1.0686936865814236
8,57145.90773148148,57145.91023148148,2,79,7.22657299041748,0.0124080407516445,0.006243422627449,-7.59771203994751,1.033269652182979,1.033221442018004,1.0675465482457638
8,57145.90773148148,57145.91023148148,2,81,6.813232421875,-0.0093532709977386,-0.0158668048679828,-8.069509506225586,1.0404210118710455,1.0404054477284956,1.0824434956631317
8,57145.90773148148,57145.91023148148,2,82,6.954708099365234,0.0050168025117812,0.0095931589603424,-8.18608283996582,1.0421774148624845,-1.042191867239941,var-error
8,57145.90773148148,57145.91023148148,2,83,7.807762145996094,0.0037667099379816,-0.0027140080928802,-6.9565110206604,1.0401166288130574,-1.040136283344711,1.0818834879301489
8,57145.90773148148,57145.91023148148,2,84,8.013304710388184,0.001032393176775,0.0036463402211666,-6.835301876068115,1.0353492984034167,1.035375140169646,1.0720016808813142
8,57145.90773148148,57145.91023148148,2,84,8.013304710388184,0.001032393176775,0.0036463402211666,-6.835301876068115,1.0353492984034167,1.035375140169646,1.0720016808813142
8,57145.90773148148,57145.91023148148,2,85,7.117601871490479,0.0102507518795489,0.0046127587556838,-7.723820686340332,1.045131661486256,1.045107995699957,1.0922507226759812
8,57145.90773148148,57145.91023148148,2,87,7.831587314605713,-0.0107949484234511,-0.007610835134983,-8.148311614990234,1.06207802691834,1.0620502287241071,1.1279506883329284
8,57145.90773148148,57145.91023148148,2,88,7.989738941192627,-0.003890907996316,0.0034959092736244,-7.858320713043213,1.063114265356078,1.0631342386062503,1.1302544092968916
8,57145.90773148148,57145.91023148148,2,89,7.649616241455078,0.0075369023499597,0.0093154609203338,-8.075029373168945,1.0379437939362333,1.0379428566613182,var-error
8,57145.90773148148,57145.91023148148,2,90,6.696564674377441,9.918353933838271e-05,0.0084833651781082,-7.417158126831055,1.0480641716020012,1.0480908593197598,1.0984944493896325
8,57145.90773148148,57145.91023148148,2,91,8.360209465026855,-0.0043873399628928,-0.0100117772817611,-844.343376159668,1.059731646291587,,1.1230692099260964
8,57145.90773148148,57145.91023148148,2,92,8.153847694396973,-0.0028278807310487,0.0018396005034446,-8.351839065551758,1.059566768543024,1.0595899993905922,1.122730966808555
8,57145.90773148148,57145.91023148148,2,93,8.161271095275879,0.0092169003646472,0.0067974552512168,-6.916498184204102,1.0279951367111624,1.0279799958837956,1.0567428719372485
8,57145.90773148148,57145.91023148148,2,94,7.742935657501221,-0.0038900880466627,-0.0076317265629768,-8.261653900146484,1.0409815334476875,1.04100077809842,1.083682620001516
8,57145.90773148148,57145.91023148148,2,96,8.239568710327148,0.0010985635624074,-0.0065162787213921,-7.539520263671875,1.0487197280349467,1.048745871265522,1.0998679024964788
8,57145.90773148148,57145.91023148148,2,97,7.563362121582031,0.0014644379640245,-0.0001655705273151,-616.9947624206543,1.0372866847320263,1.037312072925073,1.0760163366361128
8,57145.90773148148,57145.91023148148,2,98,7.806464195251465,0.0078098249537385,0.0049967998638749,-7.574865341186523,1.0343678526653275,1.0343647143654704,1.069910362324361
8,57145.90773148148,57145.91023148148,2,99,7.852901458740234,-0.0030010014316954,-0.0024526119232177,-8.202159881591797,1.0484342026602815,1.0484566148378138,1.0992612731971678
8,57145.90773148148,57145.91023148148,2,100,805.288028717041,-0.0053066411862859,-0.0089427381753921,-8.295830726623535,1.0463908175243777,1.046404029920134,1.0949613938330969
8,57145.90773148148,57145.91023148148,2,101,7.629216194152832,0.0080967357618128,0.0169209837913513,-7.505300998687744,1.0390024960249764,1.0389974136504758,-1.079515625572378
8,57145.90773148148,57145.91023148148,2,102,7.435072898864746,0.0108159073019781,0.0168513748794794,-7.573721408843994,1.0304361456803566,1.030405625896173,1.0617357538784833
8,57145.90773148148,57145.91023148148,2,103,8.050372123718262,0.0043725856613196,0.00382661819458,-8.31110668182373,1.0483350743335555,1.0483526707157482,1.099043322196842
8,57145.90773148148,57145.91023148148,2,104,6.56401252746582,-0.0057016165853605,-0.0061912387609481,-8.39964485168457,1.0245048891594657,1.024515120910824,1.0496312329749204
8,57145.90773148148,57145.91023148148,2,104,6.56401252746582,-0.0057016165853605,-0.0061912387609481,-8.39964485168457,1.0245048891594657,1.024515120910824,1.0496312329749204
8,57145.90773148148,57145.91023148148,2,105,5.91843318939209,0.0014499599997794,0.0052632689476013,-7.999590396881103,1.0137207527694283,1.0137455387823022,1.0276800174010203
8,57145.90773148148,57145.91023148148,2,105,5.91843318939209,0.0014499599997794,0.0052632689476013,-7.999590396881103,1.0137207527694283,1.0137455387823022,1.0276800174010203
8,57145.90773148148,57145.91023148148,2,106,8.032035827636719,0.006617022633652,-63.407414855309526,-8.171104431152344,1.0265981781406406,1.0266030057969475,1.0539137315113274
8,57145.90773148148,57145.91023148148,2,107,7.377154350280762,0.0034474055774907,0.0065798312425613,-593.1559562683105,1.0252249443869137,1.0252452641822687,1.0511278517281697
8,57145.90773148148,57145.91023148148,2,108,7.335365772247314,-0.0048473852763988,-0.0043067522346973,-7.422135353088379,1.0183170481755168,1.0183314414125006,1.0369989245692617
8,57145.90773148148,57145.91023148148,2,109,7.280861377716064,0.0053348383481816,0.0116112232208251,-7.995819568634033,,1.0127807897823615,1.025724928152184
8,57145.90773148148,57145.91023148148,2,110,6.616152763366699,0.0016477302002022,-0.0001091137528419,-6.772209644317627,1.0154230505137796,-1.0154475773223448,1.0311337822898192
8,57145.90773148148,57145.91023148148,2,111,640.0124549865723,-0.0097071754675112,-63.407414855309526,-6.372641563415527,1.015583519439609,1.015562995971157,1.0313681987859122
8,57145.90773148148,57145.91023148148,2,111,640.0124549865723,-0.0097071754675112,-63.407414855309526,-6.372641563415527,1.015583519439609,1.015562995971157,1.0313681987859122
8,57145.90773148148,57145.91023148148,2,112,6.08189868927002,0.0036754557332476,0.0008551478385925,-8.260129928588867,1.0139260162857493,1.0139451826105887,1.0280848333392203
8,57145.90773148148,57145.91023148148,2,114,5.372677803039551,-0.0059902327730354,-63.407414855309526,-697.0761299133301,1.0053539184324312,1.0053616830968142,1.010752113839259
8,57145.90773148148,57145.91023148148,2,115,7.72226619720459,-0.0048805400369701,-0.0086586251854896,-7.837859630584717,1.017188729031235,1.0172029195556582,1.034701779552555
8,57145.90773148148,57145.91023148148,2,116,7.747549533843994,0.0015702683180619,0.0044023990631103,-8.315784454345703,1.015674588814483,1.0156992240082263,1.0316449136509132
8,57145.90773148148,57145.91023148148,2,117,7.223199367523193,-0.0175693492873908,-0.0198341682553291,-8.768279075622559,1.0075463918778294,1.0074188478785795,1.0148927350610044
8,57145.90773148148,57145.91023148148,2,118,8.060781478881836,-0.0187518256814876,-0.0106937736272811,-8.590252876281738,1.007930896623576,1.0077821192114775,1.0156247998023766
8,57145.90773148148,57145.91023148148,2,119,8.230810165405273,-0.0056992805181525,0.0023924112319946,-9.028192520141602,1.013790159070103,1.0137999514905949,1.0277903416423324
8,invalid_time,57145.91023148148,2,120,6.719809532165527,0.0116650602098277,0.0028357803821563,-7.235345840454102,0.9949798829475428,0.9949368430822604,0.9898993217224944
8,57145.90773148148,57145.91023148148,2,121,7.865375518798828,0.0034265856201807,0.0041843466460704,-8.472940444946289,,1.0087649838616264,1.0176067926653471
8,57145.90773148148,57145.91023148148,2,123,8.35683822631836,-0.0116363981878261,-0.0098483934998512,-8.901283264160156,1.0121808666049277,1.0121397386545985,1.0244268505637986
8,invalid_time,57145.90808958001,2,124,8.768346786499023,0.0028876923791275,0.002792865037918,-7.9862823486328125,1.0223895818766946,1.022411527629157,1.0453253318289863
8,invalid_time,57145.90808958001,2,124,8.768346786499023,0.0028876923791275,0.002792865037918,-7.9862823486328125,1.0223895818766946,1.022411527629157,1.0453253318289863
8,57145.90773148148,57145.91023148148,2,125,8.544841766357422,-0.0077586121499238,-0.0153716504573822,-8.21914291381836,1.0204154677548063,1.0204119430884793,1.041240533597606
8,57145.90773148148,57145.91023148148,2,126,7.705373287200928,0.0032010130264868,0.003151886165142,-8.818716049194336,1.0039687498091945,1.0039892069385603,1.0079943276491194
8,57145.90773148148,57145.91023148148,2,128,8.767193794250488,0.005519937286225,0.0037181377410888,-4.693329811096191,-1.0056204593249094,1.0056309205612912,1.0112935483889498
10,57145.9125462963,57145.91504629629,2,-10,7.137913703918457,-0.0089306591125689,-0.0054751634597778,-7.146987438201904,1.1170257979107576,1.1170232927153696,1.2477410364686865
10,57145.9125462963,57145.91504629629,2,-10,8.38235855102539,-0.004223966680399,0.0047970674932003,-7.758886814117432,1.0201993411870571,1.0202208906745722,1.0408506657688177
10,57145.9125462963,57145.91504629629,2,-10,8.824549674987793,0.002770977400345,0.0017853677272796,-6.524290561676025,1.0047913842115908,1.0048173891862615,1.0096579856110954
10,57145.9125462963,57145.91504629629,2,0,3.9059958457946777,-0.0018301213621506,-0.0011855736374855,-3.881449460983277,,0.9586288618475018,0.9189692947670368
10,57145.9125462963,57145.91504629629,2,1,3.735332489013672,-0.0023579371898834,-0.0095271691679954,-3.933941841125488,0.9593253422936936,0.9593509156763702,0.92035417940909
10,57145.9125462963,57145.91504629629,2,2,4.889506340026856,-0.0037978309775364,-0.0095966551452875,-3.613661766052246,0.9756521324612968,0.975673696308497,0.9519391616682852
10,57145.9125462963,57145.91504629629,2,3,8.447219848632812,0.0029440353573815,0.0066602975130081,-7.959167957305908,1.053009520284088,1.0530367009001598,1.1088862934426926
10,57145.9125462963,57145.91504629629,2,4,8.222090721130371,0.0009352872577298,-0.0065260231494903,-8.035063743591309,1.0515867438617503,1.0516175911873278,1.1058995580946376
10,57145.9125462963,57145.91504629629,2,5,4.749077796936035,-0.002938036863486,0.0015560258179903,-6.094668388366699,-0.97695821312119,0.9769827897452066,0.9544953714583264
10,57145.9125462963,57145.91504629629,2,6,4.235401630401611,-0.0068023519815395,-0.0025101546198129,-4.2116241455078125,0.9657299904446708,0.9657346937874788,0.9326434987847956
10,57145.9125462963,57145.91504629629,2,7,4.296558380126953,-0.0031749491738699,-63.407414855309526,-5.027805328369141,0.9716040758035718,0.9716277238696972,0.9440604337922084
10,57145.9125462963,57145.91504629629,2,8,5.499217987060547,-0.0038499905326651,-0.0052402690052986,-4.494644641876221,0.9690033445927808,0.9690244545527722,0.9390083935212976
10,57145.9125462963,57145.91504629629,2,9,5.103078842163086,-0.0049153295303483,-0.0093272496014833,-5.704825401306152,0.9667605464833308,0.9667767423925656,0.934657269631181
10,57145.9125462963,57145.91504629629,2,10,6.463868141174316,0.0050135455841634,1.2971460819244385e-05,-6.388357639312744,0.9688240539930152,0.9688398344605068,0.9386506248374624
10,57145.9125462963,57145.91504629629,2,11,6.337749481201172,0.0094863870824025,0.0028567090630531,-6.186217308044434,0.977577134517586,0.9775601171803756,0.9556237827017096
10,57145.9125462963,57145.91504629629,2,12,741.4849758148193,0.0081288322784192,0.0087443562224507,-7.003730773925781,0.9770082748749992,0.9770034529061123,0.9545357469904664
10,57145.9125462963,57145.91504629629,2,13,7.837837219238281,0.0119030486051889,0.0142824053764343,-7.441314220428467,0.997348583637445,0.9973071508889172,0.9946215532141696
10,57145.9125462963,57145.91290439482,2,14,8.18163013458252,-8.752772497523596e-05,0.0011921823024749,-8.126434326171875,1.003658540167643,1.003688332207792,1.0073902682100593
10,57145.9125462963,57145.91504629629,2,15,7.803915023803711,-0.0074125052620446,-0.0143622979521751,-8.794401168823242,1.0205060060713274,1.020509389341729,1.0414394137346286
10,57145.9125462963,57145.91504629629,2,16,7.8992085456848145,-0.0074995292995284,-0.0138095021247863,-8.102234840393066,1.0137908502779225,1.013793222896585,1.0277766987910446
10,57145.9125462963,57145.91504629629,2,18,6.840949058532715,0.0042932448208201,0.0149831622838974,-6.046089172363281,1.070514256459142,1.070537463756534,1.146050461306272
10,57145.9125462963,57145.91504629629,2,19,6.811832904815674,-0.0089705104245229,-0.0159372687339782,-6.235962390899658,0.996052199644642,0.9960414048090428,0.9920984800939714
10,57145.9125462963,57145.91504629629,2,20,7.065515995025635,-0.0069625032277396,-0.011383581906557,-7.778080940246582,1.028124121016211,1.0281311014952008,1.057053561861735
10,57145.9125462963,57145.91504629629,2,20,7.065515995025635,-0.0069625032277396,-0.011383581906557,-7.778080940246582,1.028124121016211,1.0281311014952008,1.057053561861735
10,57145.9125462963,57145.91504629629,2,22,7.7416090965271,-0.0045875328968186,-0.0148752927780151,-7.105563163757324,1.0082446965837228,1.0082642271311444,1.016596751712364
10,57145.9125462963,57145.91504629629,2,23,8.515695571899414,-0.006037382403136,-0.0068152248859405,-8.068181991577148,1.022073156298119,1.0220857028250212,1.0446591839193178
10,57145.9125462963,57145.91504629629,2,24,7.855256080627441,0.0091248191535453,0.0137169584631919,-7.4748921394348145,1.0352032624426788,1.035193815718395,1.0716262361016105
10,57145.9125462963,57145.91504629629,2,25,7.44188117980957,-0.0015890512163066,-0.0020409524440765,-7.408351421356201,1.0264631971830456,1.02649247443341,1.0536868000684252
10,57145.9125462963,57145.91504629629,2,26,7.336594581604004,0.0092310686673237,0.0094490274786949,-7.640966415405273,1.016129225040303,1.016117493059602,1.0324947597017304
10,57145.9125462963,57145.91504629629,2,27,8.096214294433594,-0.0054723148803853,-0.0018241107463836,-7.6213884353637695,1.0327631622055204,1.032779370858445,1.0666332288707652
10,57145.9125462963,57145.91504629629,2,28,7.768336296081543,-0.0079837398674308,-0.0080542564392089,-7.968209266662598,1.0266636690721171,1.0266631403839543,1.0540372038230432
10,57145.9125462963,57145.91290439482,2,29,8.074953079223633,-0.0159123014711626,-0.013242945075035,-8.031627655029297,-1.0226298182441846,1.022536410336348,1.0455807104635446
10,invalid_time,57145.91504629629,2,30,7.323442459106445,-0.0074274339413417,0.003580093383789,-7.305160999298096,1.0067496206059885,1.0067521405594209,1.013549872520976
10,57145.9125462963,57145.91504629629,2,31,6.978123664855957,-0.0006095189701926,-0.0032062232494354,-7.89534330368042,1.0152820494818529,1.015312039689846,1.0308585379391555
10,57145.9125462963,57145.91504629629,2,32,8.40246868133545,0.0016430658821521,-0.0035737231373786,-8.212138175964355,1.0324786116072726,1.03250801398989,var-error
10,57145.9125462963,57145.91504629629,2,33,7.733404636383057,0.0081687980858479,0.0045506954193115,-8.421427726745605,1.0153263158367762,-1.0153236170680389,1.0308820473761255
10,57145.9125462963,57145.91504629629,2,34,8.124034881591797,-0.011263370428931,-0.0001749470829963,-8.50037956237793,1.0222923058990638,1.022260611676325,1.0450167581848544
10,invalid_time,57145.91504629629,2,35,7.885592460632324,0.0013327556775352,-0.0060986876487731,-7.784615039825439,1.0223330459635598,1.02236253107563,1.0452251449473686
10,57145.9125462963,57145.91290439482,2,36,8.205364227294922,0.0015571220269419,-0.0049811899662017,-8.054841041564941,1.0177443830467277,1.017773402272142,1.0358626983726111
10,57145.9125462963,57145.91504629629,2,37,8.116888046264648,-0.0039410022534834,-0.00015589594841,-7.7550048828125,1.0404180468233235,1.040441473322124,1.0825184594087125
10,57145.9125462963,57145.91504629629,2,38,8.262157440185547,0.0018069240496651,-0.0008135437965393,-7.550915718078613,1.0281012783869623,1.0281302029085246,-1.057051714132724
10,57145.9125462963,57145.91504629629,2,39,7.433533191680908,0.0030736062948621,-0.0056159645318984,-7.068251609802246,1.006035593263015,1.006060755484263,1.0121582437255667
10,57145.9125462963,57145.91504629629,2,40,5.757080078125,-0.0041686948150014,-0.0181910768151283,-6.346551895141602,0.9910108139167744,0.9910314574431388,0.9821433496418716
10,57145.9125462963,57145.91504629629,2,41,5.614527702331543,-0.0142363116936934,-0.0240634176880121,-7.153332233428955,1.0012866235284377,1.001215125957307,1.0024317284457065
10,57145.85105697667,57145.91504629629,2,42,5.6566925048828125,-0.004928052931484,-0.0025229007005691,-7.577365875244141,1.005619291144385,1.0056370626911388,1.0113059018580617
10,57145.85105697667,57145.91504629629,2,42,5.6566925048828125,-0.004928052931484,-0.0025229007005691,-7.577365875244141,1.005619291144385,1.0056370626911388,1.0113059018580617
10,57145.9125462963,57145.91504629629,2,43,6.517951965332031,0.0107920570661652,0.0112990215420722,-6.9895524978637695,0.9975433443628902,0.9975145687848096,0.9950353149379448
10,57145.9125462963,57145.91504629629,2,44,7.711759090423584,-0.0084105004956523,-0.0128535330295562,-7.093099594116211,0.9967949436541303,0.9967890433016022,0.9935883968461234
10,57145.9125462963,57145.91504629629,2,45,8.37194538116455,0.0049592287296027,-0.0042209327220916,-8.05599308013916,1.005733696335722,,1.0115357129148457
10,57145.9125462963,invalid_time,2,46,6.769100189208984,-0.0071102360504065,-63.407414855309526,-7.937487602233887,1.0101355152998128,1.0101404729505945,1.0203837750928502
10,57145.9125462963,57145.91504629629,2,47,6.603514671325684,0.0021421985399593,0.0084137022495269,-6.570346355438232,1.0151765866960252,1.015204464217233,1.0306401041665996
10,57145.9125462963,57145.91504629629,2,48,8.708629608154297,0.0113306182087363,0.0056423842906951,-7.899008274078369,1.008665334841918,1.008631631891715,1.0173377688525442
10,57145.9125462963,57145.91504629629,2,49,6.555482387542725,0.0088694942097915,0.0144513994455337,-7.253442287445068,1.002197984251487,1.0021884888833743,1.0043817672503417
10,57145.9125462963,57145.91504629629,2,51,8.234809875488281,-0.0052789753005872,-0.0092008039355278,-6.721115589141846,0.9950769323768786,0.9950924719827906,0.9902090277968209
10,57145.9125462963,57145.91504629629,2,52,7.305261611938477,0.0016409760158821,-0.0111547075212001,-7.6062469482421875,-1.007529843892115,1.0075584236267856,1.0151739770212933
10,57145.9125462963,57145.91504629629,2,53,6.588661193847656,0.0071035027534933,-0.0005276575684547,-8.140172004699707,0.9982188900934136,0.9982232502582395,var-error
10,57145.9125462963,57145.91504629629,2,54,8.5634765625,0.0042010771975745,0.0160632049664855,-7.695082664489746,1.0051072690874,1.0051283226554242,1.0102829450041064
10,57145.9125462963,57145.91504629629,2,55,847.864818572998,0.0101840840173545,0.0020700395107269,-8.031355857849121,0.9991829736542712,0.9991607282851708,0.9983221609473528
10,57145.9125462963,57145.91504629629,2,56,8.510110855102539,0.0083137376038737,0.0085730850696563,-7.730181694030762,0.9931551898210066,0.9931498679217924,0.9863466601530736
10,57145.9125462963,57145.91504629629,2,57,7.802353858947754,-0.0034781626593255,-0.0078013380989432,-8.592329978942871,1.0004491249206076,1.0004727844999908,1.0009457925251648
10,57145.9125462963,57145.91504629629,2,58,7.469265937805176,-0.0016298122692636,-0.009514957666397,-7.704170227050781,1.0142583841436743,1.0142871887439406,1.0287785012500863
10,57145.9125462963,57145.91504629629,2,59,7.78624153137207,0.0151352867929481,0.017491191625595,-8.081869125366211,1.0074916769596762,1.00740790073061,1.0148706784544546
10,57145.9125462963,57145.91504629629,2,60,8.150413513183594,0.0116365349379802,0.0132258012890815,-8.002691268920898,1.0114259664848768,1.011389065162574,-1.022907841130425
10,57145.9125462963,57145.91504629629,2,61,8.099583625793457,0.006467159134471,0.0038990378379821,-7.283164978027344,1.0102398785931852,1.0102491760225758,1.0206033976542932
10,57145.9125462963,57145.91504629629,2,62,6.700993537902832,-0.001728209574616,-0.0036901719868183,-6.9546613693237305,1.0052732626680234,1.005301622667775,1.0106313525384607
10,57145.9125462963,57145.91504629629,2,63,7.7156877517700195,-0.0091796772255915,-0.0164903625845909,-7.571866512298584,1.0059473669819743,1.0059353622769702,1.0119059530792995
10,57145.9125462963,57145.91504629629,2,64,7.980875015258789,-0.0186495703211993,-0.0091264694929122,-7.7027997970581055,,1.00708980189219,1.014229869075251
10,57145.9125462963,57145.91504629629,2,65,7.917717933654785,-748.2842277231209,-0.0046553090214729,-7.59830904006958,1.0269993811649216,1.0269882688806915,1.0547049044185597
10,57145.9125462963,57145.91504629629,2,66,8.216612815856934,-0.0142686229512249,-0.0181563980877399,-7.64314079284668,-1.0228367014621231,1.022767556516364,1.046053474662454
10,57145.9125462963,57145.91504629629,2,67,8.093391418457031,-0.0036349699597,0.0086374655365943,-8.870476722717285,1.0056152608142532,1.0056385449310457,1.0113088830510306
10,57145.85105697667,57145.91504629629,2,68,8.284217834472656,-748.2842277231209,-0.0118496920913457,-8.084080696105957,1.0118508883320825,1.011859519016353,1.0238596862240052
10,57145.85105697667,57145.91504629629,2,68,8.284217834472656,-748.2842277231209,-0.0118496920913457,-8.084080696105957,1.0118508883320825,1.011859519016353,1.0238596862240052
10,57145.9125462963,57145.91504629629,2,69,8.016090393066406,-0.00941518363007,-0.0028236210346221,-7.983832836151123,1.0207546317611875,1.020741529302398,1.0419132696425983
10,57145.9125462963,57145.91504629629,2,70,7.63312816619873,0.0087433804272036,0.0194022059440612,-7.246652126312256,1.016283813440397,1.0162763911097206,1.0328177031269978
10,57145.85105697667,57145.91504629629,2,71,8.178242683410645,0.0097687491405217,0.0178368836641311,-7.464694499969482,1.0184522133515184,1.0184356069494298,var-error
10,57145.85105697667,57145.91504629629,2,71,8.178242683410645,0.0097687491405217,0.0178368836641311,-7.464694499969482,1.0184522133515184,1.0184356069494298,var-error
10,57145.9125462963,57145.91504629629,2,72,7.613190650939941,-0.0116337223563867,-0.0176537185907363,-7.84759521484375,1.0235794361876145,1.0235437119119255,1.0476417301944427
10,57145.9125462963,57145.91504629629,2,73,7.791753768920898,0.0007065629394314,0.0064795762300491,-8.374201774597168,1.018245458019334,1.018275438182204,1.0368848680051597
10,57145.9125462963,57145.91504629629,2,74,7.638514518737793,-0.0056391652002965,-0.0084639266133308,-7.961004257202148,1.024009777137196,1.024024643888186,1.0486264712903262
10,57145.9125462963,57145.91504629629,2,75,8.435219764709473,-0.0019590852325043,-0.0073883533477783,-8.083620071411133,1.0250667283099968,1.0250953038494546,1.0508203819742057
10,57145.85105697667,57145.91504629629,2,76,8.32223129272461,0.0023682164245529,0.0032300855964422,-8.568428039550781,1.0187270591238042,1.0187545405873335,1.037860813967309
10,57145.9125462963,57145.91504629629,2,77,802.5066375732422,-0.0065887271107405,-0.005689151585102,-8.56938362121582,1.0458966875051412,1.0459069777834815,1.0939214061761764
10,57145.9125462963,57145.91504629629,2,78,8.213479995727539,0.0060028667242939,0.0073115155100822,-8.288919448852539,1.0324364691562078,1.0324496620757178,1.0659523047202637
10,57145.9125462963,57145.91504629629,2,78,8.213479995727539,0.0060028667242939,0.0073115155100822,-8.288919448852539,1.0324364691562078,1.0324496620757178,1.0659523047202637
10,57145.9125462963,57145.91504629629,2,79,8.464463233947754,-0.003599762178616,-0.0075427889823913,-7.847265243530273,1.02502633772297,1.0250504395448057,1.0507284036109994
10,57145.9125462963,57145.91504629629,2,80,8.258109092712402,-0.0111933959274776,-0.0056021213531494,-7.26207971572876,1.0179667888283714,,1.0361925934545355
10,57145.9125462963,57145.91504629629,2,81,7.695446014404297,-0.004225056652063,-0.0043938308954238,-7.21634578704834,1.018153813218614,1.0181752655171812,1.0366808713109823
10,invalid_time,57145.91504629629,2,82,7.826440334320068,-0.0024773047065736,-0.001578502357006,-6.300845146179199,1.0137791644113938,1.0138062284550728,1.0278030688542994
10,57145.9125462963,57145.91504629629,2,83,855.1666259765625,-0.0044048947243325,0.0022837268188595,-7.811599731445312,1.0246433634669991,1.0246643083433322,1.0499369447927196
10,57145.9125462963,57145.91504629629,2,84,7.370224952697754,-0.0141301226584613,-0.0262454450130462,-6.34272050857544,1.0195758460113724,1.019508189762098,1.03939694899199
10,57145.9125462963,57145.91504629629,2,85,663.5418891906738,-0.0090880465177462,-0.0076617561280727,-6.379576683044434,1.0214451723840283,1.02143506319447,1.043329588323091
10,57145.9125462963,57145.91504629629,2,86,7.3676557540893555,-0.0095857377824004,-0.0038417875766754,-7.526452541351318,1.029958429517132,1.029944397021232,1.060785460955429
10,57145.9125462963,57145.91504629629,2,87,774.2287158966063,-748.2842277231209,0.0011106729507446,-7.91597843170166,1.0317825500362088,1.031810055505349,1.0646319906419517
10,57145.9125462963,57145.91504629629,2,88,8.21442985534668,0.0080193477877372,0.0070698820054531,-7.05467414855957,1.0352992602882145,1.0352989391099727,1.071843893322235
10,57145.9125462963,57145.91504629629,2,89,6.586090087890625,0.0055790297964803,0.0135817676782608,-6.514482021331787,1.0069098853220553,1.0069243158137764,1.0138965777770417
10,57145.9125462963,57145.91504629629,2,90,7.641136169433594,0.0077777898482421,0.010905422270298,-7.364199161529541,1.0211533927003786,1.0211540807887185,1.042755656711452
10,57145.9125462963,57145.91504629629,2,91,8.38305950164795,-0.0096867688080823,-0.0186363384127616,-8.3048734664917,1.031311619532875,1.0312967635012096,1.0635730144080695
10,57145.9125462963,57145.91504629629,2,91,8.38305950164795,-0.0096867688080823,-0.0186363384127616,-8.3048734664917,1.031311619532875,1.0312967635012096,1.0635730144080695
10,57145.9125462963,57145.91504629629,2,93,7.4058732986450195,-0.0059328699873182,-0.0140367895364761,-8.229333877563477,1.012794907027201,1.0128075873950373,1.0257792090849562
10,57145.9125462963,57145.91504629629,2,94,7.990194320678711,0.0101864513213028,0.0204348266124725,-7.281018257141113,0.995656858359966,0.9956342985317184,0.991287656412747
10,57145.9125462963,57145.91504629629,2,95,7.562725067138672,0.0122948570508815,0.0080618448555469,-5.9561767578125,1.0117349683967656,1.0116902921682314,1.0235172472674414
10,57145.9125462963,57145.91504629629,2,96,847.8265762329102,0.0029262454379783,0.0199734326452016,-8.356915473937988,1.0075225320110903,1.00754819117902,1.015153357548115
10,57145.9125462963,57145.91504629629,2,98,8.792877197265625,0.0128826677426674,0.0147953554987907,-6.3909912109375,1.0059418882257276,1.0058892528550138,1.011813189009218
10,57145.9125462963,57145.91504629629,2,99,8.90866470336914,-748.2842277231209,0.0018535237759351,-7.925689697265625,1.004324274409697,1.0043386141303,1.0086960518331718
10,57145.9125462963,57145.91504629629,2,100,7.398882865905762,-0.0003560857110747,-0.0014024376869201,-7.195603370666504,1.0117073877434055,1.0117373670165275,1.0236124998175355
10,57145.9125462963,57145.91504629629,2,100,7.398882865905762,-0.0003560857110747,-0.0014024376869201,-7.195603370666504,1.0117073877434055,1.0117373670165275,1.0236124998175355
10,57145.9125462963,57145.91504629629,2,101,7.96442699432373,-0.000921152709606,0.0061071440577507,-5.051120281219482,0.979890953895009,0.9799196129043548,0.9602424477546204
10,invalid_time,57145.91290439482,2,102,8.073884963989258,0.0095265427278725,0.0107612870633602,-5.9353790283203125,,0.995281083068872,-0.990584434314747
10,invalid_time,57145.91290439482,2,102,8.073884963989258,0.0095265427278725,0.0107612870633602,-5.9353790283203125,,0.995281083068872,-0.990584434314747
10,57145.9125462963,57145.91504629629,2,103,7.559737682342529,0.0002425456958503,-0.0066731572151184,-8.483146667480469,1.0130177483275036,1.013047800140516,-1.0262658453695392
10,57145.9125462963,57145.91504629629,2,104,8.476213455200195,0.0016485073215863,-63.407414855309526,-7.392050743103027,1.0012030688401805,1.0012314381341867,1.0024643927082515
10,57145.9125462963,57145.91504629629,2,105,6.391608238220215,-0.0031825805793575,-0.0023534223437309,-7.996423721313477,0.9845349844828216,0.9845590736939506,0.96935656959309
10,57145.9125462963,57145.91504629629,2,107,8.106036186218262,-0.0078794847512978,-0.0076823979616165,-7.830182075500488,0.9944574457904732,0.994455750918271,0.988942240534422
10,57145.9125462963,57145.91504629629,2,108,8.323433876037598,0.0021648970669778,0.001092292368412,-6.473827362060547,0.9885449718654106,0.9885719466821712,0.9772744937669774
10,57145.9125462963,57145.91504629629,2,109,8.1005277633667,-0.002489016475324,-0.0102054625749588,-7.678172588348389,0.9803750498583158,0.980400993056967,0.9611861071870872
10,57145.9125462963,57145.91504629629,2,110,5.683285713195801,-0.0026912925899402,-0.0014535039663314,-8.154318809509277,0.9940646465116784,0.9940905160384336,0.988215954077559
10,57145.9125462963,57145.91504629629,2,112,7.020402431488037,-0.0068657320355376,-63.407414855309526,-6.805023193359375,0.99507425179074,0.9950801130275528,0.9901844313429272
10,57145.9125462963,57145.91504629629,2,113,8.208796501159668,-0.0163814367035294,-0.0115512013435363,-7.84835147857666,-0.9881960458241376,0.9880895943084212,0.9763210463805804
10,57145.9125462963,57145.91504629629,2,114,6.112056732177734,-0.002290403153734,-63.407414855309526,-7.708644866943359,0.9896846058614712,0.9897113434557364,0.9795285433649586
10,57145.9125462963,57145.91504629629,2,115,7.812174320220947,-0.0048268031871497,0.0018275082111358,-7.376567840576172,0.9929941017457552,0.9930118511355336,0.9860725364956192
10,57145.9125462963,57145.91504629629,2,116,7.619824409484863,-0.004496154862349,-0.0082511752843856,-806.3549995422363,0.9943926234312452,0.9944119756481512,0.988855177312459
10,57145.9125462963,57145.91504629629,2,118,7.146162033081055,-0.002791306197472,0.0030649006366729,-5.8503828048706055,0.996110077338274,0.9961357486085664,0.9922864296559488
10,57145.9125462963,57145.91504629629,2,119,7.885250568389893,-0.0035629863558783,-0.0025103017687797,-7.929837226867676,0.9947488968264208,0.994772050534951,0.9895714325255112
10,57145.9125462963,57145.91504629629,2,120,6.753333568572998,0.0012890787642546,-0.0010289102792739,-8.208500862121582,0.9993146346237946,0.9993434753504732,0.9986873817255616
10,57145.9125462963,57145.91504629629,2,120,6.753333568572998,0.0012890787642546,-0.0010289102792739,-8.208500862121582,0.9993146346237946,0.9993434753504732,0.9986873817255616
10,57145.9125462963,57145.91504629629,2,121,7.610930442810059,-748.2842277231209,-0.0003929138183593,-7.624582290649414,0.9969304884711762,0.9969408206851972,0.9938909999484744
10,57145.9125462963,57145.91504629629,2,122,7.102895736694336,-0.0055467387285026,-0.0088456012308597,-7.197514533996582,0.99659366535626,0.9966078134075852,0.993227133745048
10,57145.9125462963,57145.91504629629,2,123,7.844765663146973,-0.0087271112074895,-0.0033235847949981,-7.288527965545654,,0.9985609911550356,0.9971240530565268
10,57145.9125462963,57145.91504629629,2,124,7.948642730712891,0.0045503766485052,0.0093090385198593,-8.197713851928711,1.0092563548065154,1.0092760566995171,1.018638158626927
10,57145.9125462963,57145.91504629629,2,125,6.723513603210449,0.0023019175937921,0.0038397312164306,-7.616219520568848,0.998946050934415,0.9989730528398904,0.9979471603002504
10,57145.9125462963,57145.91504629629,2,126,8.060515403747559,0.0057351902626131,0.0040822625160217,-6.349391460418701,1.000530139413551,1.000543404284275,1.0010871038567657
10,57145.9125462963,57145.91504629629,2,127,6.872333526611328,0.0007932558121255,0.0029796659946441,-6.887392044067383,1.0145777811421717,1.014607594622371,1.0294285710653932
10,57145.9125462963,57145.91504629629,2,128,7.289525508880615,-0.0027824913197957,-0.001781141385436,-6.931818962097168,1.0116708457369852,1.0116970546487964,1.0235309303850495
11,57145.91523148148,57145.91773148148,2,-10,7.678352355957031,-0.0025453038679573,-0.0084406435489654,-8.085474014282227,1.0389720954061334,1.038995465377762,1.0795115770755523
11,57145.91523148148,57145.91773148148,2,-10,7.653708457946777,-0.004044648176023,-0.0059095919132232,-8.55772876739502,1.0018445816291022,1.0018619282369263,1.0037273232506123
11,57145.91523148148,57145.91773148148,2,-10,7.729887962341309,-0.0036003939626685,-0.0066032223403453,-7.627001762390137,1.043569201329314,1.043589539867403,var-error
11,57145.91523148148,57145.91773148148,2,0,4.6837310791015625,0.0007368277348608,-0.0114339627325534,-3.4831767082214355,0.9574587460007024,0.9574828187851916,0.9167733482688358
11,invalid_time,invalid_time,2,1,4.639574527740479,-0.0037206144070788,0.0081177055835723,-4.5929951667785645,0.956139331502274,0.9561564150445012,0.9142350900307524
11,57145.91523148148,57145.91773148148,2,3,8.365192413330078,-0.0046864121319551,-0.0130854994058609,-7.96440839767456,1.0514702468934547,1.051486587500721,1.1056240436939118
11,57145.91523148148,57145.91773148148,2,4,8.110411643981934,-0.0119215640831465,-0.0189139246940612,-7.387065887451172,1.0291608058733543,1.0291179724453727,1.059083801210075
11,57145.91523148148,57145.91773148148,2,5,3.8555891513824463,-0.0072833464066967,-0.0061593204736709,-4.796513557434082,0.9710894693873636,0.9710868581573404,0.9430096860858947
11,57145.91523148148,57145.91773148148,2,6,5.996082305908203,-0.0041485926001859,-0.0063051134347915,-4.507126808166504,0.9702174776476682,0.970233288686586,0.941352634475588
11,57145.91523148148,57145.91773148148,2,7,5.999488830566406,-0.0031942908400912,0.0022825524210929,-5.721962928771973,0.9739161752164586,0.9739357116478318,0.9485507704229684
11,57145.91523148148,57145.91773148148,2,8,7.551374435424805,0.0057928586688755,0.0172183867543935,-5.681485176086426,-0.9724515146218792,0.9724589978086424,0.9456765024189894
11,57145.91523148148,57145.91773148148,2,9,6.109433174133301,0.0059901155433516,0.0055139027535915,-6.07016658782959,0.977863036293214,0.9778695641329131,0.9562288844574938
11,57145.91523148148,57145.91773148148,2,10,7.322646141052246,-0.0082288327248356,-0.006679605692625,-6.650314331054688,0.9743958770540144,0.9743859162186408,0.94942791372524
11,57145.91523148148,57145.91773148148,2,11,769.5852756500244,-7.141311089125259e-05,-0.0036327913403511,-6.323054790496826,0.9709998813962564,0.9710245795467876,0.9428887340840156
11,57145.91523148148,57145.91773148148,2,12,7.396854400634766,0.00569466182576,0.0122781097888946,-8.085166931152344,0.9794067129262868,0.9794150714798148,0.9592538822418104
11,57145.91523148148,57145.91773148148,2,13,8.02415657043457,0.0066660271894878,0.0091347023844718,-8.504495620727539,0.9790103219822974,0.9790125313867608,0.9584655366123136
11,57145.91523148148,57145.91773148148,2,13,8.02415657043457,0.0066660271894878,0.0091347023844718,-8.504495620727539,0.9790103219822974,0.9790125313867608,0.9584655366123136
11,57145.91523148148,57145.91773148148,2,14,8.627108573913574,-748.2842277231209,-0.0034368708729743,-7.518211364746094,-0.9789145330898296,0.9789323956219728,0.9583086351981744
11,57145.85374216185,57145.91773148148,2,15,7.827022552490234,0.009056627107115,0.0057502686977386,-8.46194076538086,0.9961043680543225,0.9960885390738892,0.9921923776743548
11,57145.91523148148,57145.91773148148,2,17,8.33011245727539,-0.0098094233348879,-0.0144159235060215,-9.222620010375977,1.103248027004991,1.1032324945192304,1.2171219369631237
11,57145.91523148148,57145.91773148148,2,18,833.9995384216309,-0.0057622236814522,-0.0126623474061489,-8.81447696685791,1.0730783044317926,1.073090144304635,1.1515224578037424
11,57145.91523148148,57145.91773148148,2,19,8.030510902404785,-0.0020585541642274,0.0026515126228332,-7.089418411254883,1.0002378061806043,1.000261149191248,1.0005223665813965
11,57145.91523148148,57145.91773148148,2,20,7.969008922576904,0.0033714570322933,0.0024297107011079,-8.695209503173828,1.0316880389786698,1.031708797336415,1.064423042501352
11,57145.91523148148,57145.91773148148,2,21,8.018516540527344,0.0058571413502559,0.0056655053049325,-7.77242374420166,1.0062030713029355,1.006211637955354,1.0124618603567963
11,57145.91523148148,57145.91773148148,2,22,8.947068214416504,-0.0005811977102625,-0.0015486925840377,-7.838683605194092,1.000119224112229,1.0001445161922669,1.0002890532694635
11,57145.91523148148,57145.91773148148,2,23,820.9038734436035,-0.0091091980816999,-0.0051768571138381,-8.923612594604492,1.0215923315573991,1.0215777321184785,1.043621062760334
11,57145.91523148148,57145.91773148148,2,24,8.243128776550293,-0.0074744204591155,-0.0150971859693527,-7.34785270690918,1.0221331031964276,1.0221318081644415,1.0447534332615105
11,57145.91523148148,57145.91773148148,2,25,8.043588638305664,-748.2842277231209,-0.0042022764682769,-9.149642944335938,1.0249403998511568,1.024954539108227,1.0505318072385583
11,57145.91523148148,57145.91773148148,2,27,8.186100959777832,-0.0113580926987802,-0.0056563019752502,-9.014371871948242,1.0283703885649458,1.0283338602638823,1.0574705281652177
11,57145.91523148148,57145.91773148148,2,28,8.15870475769043,0.0025384566054896,0.0054593868553638,-8.016627311706543,1.028094980131111,1.0281180313740508,-1.0570266864364537
11,57145.91523148148,57145.91773148148,2,29,8.381573677062988,-0.0016075175718351,-0.0045296838507056,-8.281096458435059,1.0361695912317308,1.036194737754135,1.0736995345493603
11,57145.85374216185,57145.91773148148,2,30,7.974037647247314,0.0052860542812372,0.0013421103358268,-7.751552104949951,1.014911451916179,1.0149235283593967,1.030069768417487
11,57145.91523148148,57145.91773148148,2,31,7.999202251434326,-0.0056088698967856,-0.0020436942577362,-7.801672458648682,1.0292375000769562,1.029248422950149,1.059352316145369
11,57145.91523148148,57145.91773148148,2,33,8.541224479675293,-0.0052986637227496,-0.0062835365533828,-7.588854789733887,1.01560450711428,1.0156165462053344,1.031476968926052
11,57145.91523148148,57145.91773148148,2,34,8.3299560546875,0.0026054032121129,0.0067441239953041,-8.641613006591797,1.0079091733614722,1.0079314716502574,1.0159258515430536
11,57145.91523148148,57145.91773148148,2,35,8.807276725769043,-748.2842277231209,-0.001175120472908,-7.164146900177002,1.0184558641986774,1.0184720790669548,1.0372853758389655
11,57145.91523148148,57145.91773148148,2,36,8.145236015319824,-0.005841207483708,-0.0064063668251037,-8.269399642944336,1.0270713869195365,1.0270809286027829,1.0548952338995543
11,57145.91523148148,57145.91773148148,2,38,7.807566165924072,0.0109838434531594,0.014104813337326,-8.304736137390137,1.0207210823274442,1.0206879693610302,1.0418039307983435
11,57145.91523148148,57145.91773148148,2,39,9.085227966308594,0.0015609885360645,-0.0007933303713798,-8.283620834350586,1.0215291854291113,1.0215539894798402,1.0435725534221774
11,57145.91523148148,57145.91773148148,2,40,8.34770393371582,-0.0038438313201386,-0.0137517601251602,-8.757929801940918,1.016080067711601,1.0160986470720397,1.0324564605816289
11,57145.91523148148,57145.91773148148,2,41,8.896318435668945,-0.0009396682504007,0.0002076555974781,-8.354157447814941,1.011438187912093,1.0114634939688047,1.0230583996315823
11,57145.91523148148,57145.91773148148,2,42,7.997071743011475,0.0047452103261567,0.008540540933609,-8.765525817871094,1.0225409482927148,1.0225559693959982,1.0456207105473896
11,57145.91523148148,57145.91773148148,2,43,8.236543655395508,-0.0071903859985392,-0.0056452602148056,-9.181859970092772,1.016694881244797,1.016695322397324,1.033669378584598
11,57145.91523148148,57145.91773148148,2,44,7.93783712387085,-0.0182113002211581,-0.0208754688501358,-7.27840518951416,1.0151472475938257,1.015009714536808,1.0302447206040923
11,57145.91523148148,57145.91773148148,2,45,845.2122688293457,-0.0030518670300314,-0.0073585025966167,-8.204310417175293,1.0253374865526113,1.0253590435379123,1.0513611681649822
11,57145.91523148148,57145.91773148148,2,45,845.2122688293457,-0.0030518670300314,-0.0073585025966167,-8.204310417175293,1.0253374865526113,1.0253590435379123,1.0513611681649822
11,57145.91523148148,57145.91773148148,2,46,8.016188621520996,-0.0077685052779814,0.0052334368228912,-8.238683700561523,1.02681022373034,1.0268069760527334,1.0543325660705587
11,57145.91523148148,57145.91773148148,2,47,8.116439819335938,-0.0035404588853772,0.0017078220844268,-8.071678161621094,1.016618563451246,-1.0166382845746094,1.0335534016628043
11,57145.91523148148,57145.91773148148,2,48,7.49331521987915,0.0025792083574786,0.0030119121074676,-7.803518295288086,1.014928427851597,1.0149509937634449,1.030125519741404
11,57145.91523148148,57145.91558958001,2,49,7.864889144897461,-748.2842277231209,0.0032520778477191,-6.855851173400879,1.0090868382318152,1.00911206663818,1.0183071630347789
11,57145.91523148148,57145.91773148148,2,50,8.041720390319824,-0.0036376134184544,-0.0059511065483093,-7.976353645324707,1.0143174053721224,1.01433670355907,1.0288789481870806
11,57145.91523148148,57145.91773148148,2,51,7.576037883758545,-748.2842277231209,0.0049966722726821,-8.267667770385742,1.0047722606447045,1.0047945325174623,1.0096120525769856
11,57145.91523148148,57145.91773148148,2,52,8.49220085144043,-0.0014397483564528,-0.0049033313989639,-8.391849517822266,1.0067946607865266,1.006819272663608,1.0136850478068768
11,57145.91523148148,57145.91773148148,2,53,5.922882080078125,-748.2842277231209,0.0007723569869995,-7.693964958190918,1.00482008509276,1.0048455904081588,1.0097146605627212
11,57145.91523148148,57145.91773148148,2,53,5.922882080078125,-748.2842277231209,0.0007723569869995,-7.693964958190918,1.00482008509276,1.0048455904081588,1.0097146605627212
11,57145.91523148148,57145.91558958001,2,54,8.21291732788086,-0.0094469501984693,-0.0037499368190765,-7.639524459838867,0.9995736282091064,0.9995544290867378,0.9991090567069144
11,57145.91523148148,57145.91773148148,2,55,8.220945358276367,-0.0098878028410967,-0.0199346588924527,-7.98054838180542,1.0149064926617604,1.0148841574280154,1.0299898529983729
11,57145.91523148148,57145.91773148148,2,56,7.704435348510742,-0.0153280092871087,-0.0121977403759956,-8.542404174804688,1.0043713297484886,1.0042799148067223,1.0085781472841977
11,57145.91523148148,57145.91773148148,2,57,6.6970744132995605,-0.0087439356195913,-0.0179621875286102,-8.148025512695312,1.002386554306559,1.002373944500952,1.004753524614398
11,57145.91523148148,57145.91773148148,2,58,7.957015514373779,-0.0020464907190577,-0.0068404823541641,-8.73287582397461,1.0024983333097637,1.002521772436583,1.005049904209388
11,57145.91523148148,57145.91773148148,2,60,6.322299480438232,-0.0129518941942444,-0.018224686384201,-6.149359703063965,1.0040821856702835,1.0040242214630468,1.0080646372844777
11,57145.91523148148,57145.91773148148,2,61,8.249347686767578,0.0078221762001963,0.0029085576534271,-8.438907623291016,1.0178750025620291,1.0178708583682496,1.0360610843153175
11,57145.91523148148,57145.91773148148,2,62,7.475099563598633,0.0095350619326634,0.0073244459927082,-8.445423126220703,1.0099808475456988,1.0099615387821963,var-error
11,57145.91523148148,57145.91773148148,2,63,7.546311855316162,-0.0024319175304064,-0.009279727935791,-8.02435302734375,1.0292368054899768,1.0292601452119523,1.0593764465217297
11,57145.91523148148,57145.91773148148,2,64,8.001197814941406,0.0006231583418858,0.0018161907792091,-7.570928573608398,1.03556103147678,1.0355872260165138,-1.0724409026885782
11,57145.91523148148,57145.91773148148,2,65,8.200027465820312,-0.0116860218214042,-0.0124370455741882,-7.011514663696289,1.0309687027249037,1.030928728123127,-1.0628140424695685
11,57145.91523148148,57145.91773148148,2,66,8.180234909057617,-0.0085335455718485,-0.0031173974275588,-7.960119724273682,1.0280179469607864,-1.0280087022996345,1.0568018920037778
11,57145.91523148148,57145.91773148148,2,67,8.168218612670898,-748.2842277231209,0.0022832155227661,-7.867145538330078,1.0204786826946175,1.0205040897961426,1.0414285972906536
11,57145.91523148148,57145.91773148148,2,68,8.102755546569824,0.0045645397866044,0.0032243281602859,-8.026535034179688,1.0329382255290482,1.0329544176359509,1.0669948289136264
11,57145.91523148148,57145.91773148148,2,69,8.340303421020508,0.0004816421088418,-0.0013221614062786,-8.266226768493652,1.0366269880791288,1.0366532544688052,1.0746499700007652
11,57145.91523148148,57145.91773148148,2,70,7.730613708496094,-0.0030655377639225,-0.0001463741064071,-8.595161437988281,1.0447095920123513,1.0447316835851013,1.09146429068656
11,57145.91523148148,57145.91773148148,2,72,7.62324333190918,0.0014474995828988,-0.0032110661268234,-8.116764068603516,1.0452260214863636,,1.0925509271491136
11,57145.91523148148,57145.91773148148,2,73,7.602138042449951,0.007696030555022,0.0079645067453384,-7.231327056884766,1.0477625687423144,1.047760956686107,1.0978030223557864
11,57145.91523148148,57145.91773148148,2,74,8.317632675170898,0.0070140713175848,0.0024498179554939,-8.449441909790039,1.068365543526531,1.0683696957906252,1.1414138068837532
11,57145.91523148148,57145.91773148148,2,75,8.270515441894531,0.0026906876913942,0.0033814758062362,-8.438156127929688,-1.0675741489513546,1.067597922479077,1.1397653240816412
11,57145.91523148148,57145.91773148148,2,76,7.486166954040527,-0.0003396391662104,-0.0054267197847366,-8.25025463104248,1.0577536746367349,1.0577805277698635,1.1188996449290909
11,57145.91523148148,57145.91773148148,2,77,7.948299407958984,-0.0053943647342306,-0.0051888525485992,-8.340166091918945,1.059528396975375,1.0595416213268831,-1.1226284473240005
11,57145.91523148148,57145.91773148148,2,78,8.736015319824219,0.0037504149709594,0.0008685439825057,-7.541201591491699,1.056773137203432,1.0567933743277893,1.1168122360231152
11,57145.91523148148,57145.91773148148,2,79,8.073164939880371,0.0128286955815099,0.0184704363346099,-7.692280769348144,1.0875596295862286,1.08751163805055,1.1826815628953904
11,57145.91523148148,57145.91773148148,2,80,7.718284606933594,0.0061403220652205,0.0096268653869628,-7.559581756591797,1.049443133279294,1.0494518693980008,1.1013492261829585
11,57145.91523148148,57145.91773148148,2,81,7.546723365783691,0.0208372829897027,0.0244329273700714,-8.580465316772461,1.068680024445815,1.0685040482644106,1.1417009011574335
11,57145.91523148148,57145.91773148148,2,82,7.947370529174805,0.0073468707262363,0.0125055611133575,-8.308042526245117,1.0893288049614518,1.089331746864214,1.1866436547262398
11,57145.91523148148,57145.91773148148,2,83,7.967639923095703,-0.0051287027348112,-0.0013817697763442,-6.274232387542725,1.0578778710093166,1.0578923560453868,1.1191362369792597
11,57145.91523148148,57145.91773148148,2,84,8.315912246704102,-0.0030782202406904,-0.0096690356731414,-7.546249389648437,1.0773021141384498,1.077325128172838,1.1606294317926218
11,57145.91523148148,57145.91773148148,2,86,9.055856704711914,-0.0003028340724336,-0.0052234083414077,-7.742425918579102,1.0870930201942437,1.0871206446924626,1.1818312961165556
11,57145.91523148148,57145.91773148148,2,87,8.689958572387695,-0.0077629365720678,-0.0056875683367252,-7.785600662231445,1.0983977191521497,1.098398241605621,1.20647869716232
11,57145.91523148148,57145.91773148148,2,88,7.981894016265869,-0.0063259574644008,-0.0046067610383033,-8.901969909667969,1.072586206918912,1.0725948475833127,1.15045970706227
11,57145.91523148148,57145.91773148148,2,89,7.908689022064209,-0.0036940911791308,-0.0040824115276336,-8.08393669128418,1.058289024975205,1.058309505577479,1.120019009595648
11,57145.91523148148,57145.91773148148,2,90,7.9654436111450195,-0.0018449698924774,0.0118143558502197,-7.748188972473144,1.0651550218139336,1.065180525380216,1.1346095516492731
11,57145.91523148148,57145.91773148148,2,91,8.600272178649902,-0.0020230557488409,0.0038538873195648,-8.062640190124512,1.0717948435416536,1.071820214308076,1.1487985717994098
11,57145.91523148148,57145.91773148148,2,93,6.306741714477539,-0.0057015372445193,-0.0018236935138702,-7.223002910614014,1.0351191727313698,1.0351298031162683,1.0714937092995245
11,57145.91523148148,57145.91773148148,2,94,6.452666282653809,-0.0065159794013294,-0.0029806420207023,-7.6851396560668945,1.034608415023944,1.0346142156513949,1.0704265752279507
11,57145.91523148148,57145.91773148148,2,96,785.7481956481934,-0.007329450828087,-0.0043018124997615,-7.571856498718262,1.035945499607787,1.035945924445136,1.073183958374487
11,57145.91523148148,57145.91773148148,2,97,7.188916206359863,-0.0038749557130154,-0.0044938325881958,-710.8869075775146,1.0230986190270777,1.0231173080884823,1.0467690261102225
11,57145.85374216185,57145.91773148148,2,98,6.152719497680664,0.002400376805215,-0.00074402987957,-5.890152931213379,1.01754227328159,1.0175653267126945,1.0354391941279129
11,57145.91523148148,57145.91773148148,2,99,6.334801197052002,0.0186751786732475,0.0256597325205802,-6.990264892578125,1.0198664720648418,1.0197214129541332,1.0398317600371738
11,57145.91523148148,57145.91773148148,2,100,7.865158557891846,0.0058328867142741,0.010832879692316,-6.6723480224609375,-1.033657269634013,1.0336671063972824,1.068467686847731
11,57145.91523148148,57145.91773148148,2,101,6.602013111114502,0.0028995630396912,0.0091636925935745,-7.078671455383301,1.008752711807455,1.008774205586631,1.0176253978569378
11,57145.91523148148,57145.91773148148,2,103,7.951812267303467,-0.0012525851504947,0.0052026882767677,-7.042766094207764,1.0268603334127024,1.0268856925401613,1.0544942255436869
11,57145.91523148148,57145.91773148148,2,105,5.15895938873291,0.0097764089810546,0.0107607524842023,-5.859668731689453,0.9961439944217072,0.9961213583765296,0.9922577606139024
11,57145.91523148148,57145.91773148148,2,106,7.411708831787109,0.0072804957164009,0.0022595897316932,-6.879230499267578,,1.0080073457423426,1.0160788090705228
11,57145.91523148148,57145.91773148148,2,107,7.464258193969727,-748.2842277231209,0.014277383685112,-6.887046813964844,0.9880217612908384,0.988022197718854,0.9761878631851943
11,57145.91523148148,57145.91773148148,2,108,5.725383281707764,-0.0065341671974438,-0.0018702298402786,-6.186469078063965,0.979547344482328,0.979550468493302,0.9595191203254476
11,57145.91523148148,57145.91773148148,2,109,5.627956390380859,0.0006181524348576,-0.003106765449047,-4.647396087646484,0.9789486075939668,0.978973315404584,0.9583887522742432
11,57145.91523148148,57145.91773148148,2,110,5.49436092376709,0.0023767761845845,0.0081740468740463,-7.130817413330078,0.9853796126911974,0.9854018127485232,0.9710167325680756
11,57145.91523148148,57145.91773148148,2,111,6.6108245849609375,0.0044742544325873,0.0083352997899055,-7.680420875549316,0.99554228748183,0.9955575579783376,0.9911348512477908
11,57145.91523148148,57145.91773148148,2,112,6.600028991699219,0.007432331529293,0.0120826717466115,-5.554756164550781,0.9844781259619562,0.9844751132454584,0.9691912485996584
11,57145.91523148148,57145.91773148148,2,114,7.171321868896484,0.0089954855513955,0.0040986575186252,-7.216450214385986,1.0007643392640873,1.00074936687962,1.0014992953099606
11,57145.91523148148,57145.91773148148,2,116,4.471076488494873,0.0044718229329939,0.0076363906264305,-5.364346981048584,,0.9787278392132346,0.9579081832510072
11,57145.91523148148,57145.91773148148,2,116,4.471076488494873,0.0044718229329939,0.0076363906264305,-5.364346981048584,,0.9787278392132346,0.9579081832510072
11,57145.91523148148,57145.91773148148,2,117,5.355419158935547,0.0035887944073225,-0.0045395046472549,-6.503918170928955,0.9862000146632832,,0.9726270719283074
11,57145.91523148148,57145.91558958001,2,118,6.108249664306641,-0.0009101027377195,0.0042881108820438,-7.267791748046875,0.9845768248841849,0.984601450396125,0.9694400161221528
11,57145.91523148148,57145.91773148148,2,119,6.375858783721924,0.0098980651403141,-63.407414855309526,-5.556572914123535,0.9911994635362767,0.991175254894499,0.982428385915175
11,57145.91523148148,57145.91773148148,2,120,6.681875705718994,0.0057013128954094,0.0082491561770439,-6.729703903198242,0.984041772645983,0.984050288578729,0.9683549704518798
11,57145.91523148148,57145.91773148148,2,121,5.212690353393555,-0.0023548834580787,-0.0036778599023818,-6.614451408386231,0.9900948419393852,0.990117227910711,0.9803321250055907
11,57145.91523148148,57145.91773148148,2,122,5.77786922454834,-0.0087648117952227,-0.0050031058490276,-4.720586776733398,0.9802512942468656,0.9802370437732858,0.9608646619853908
11,57145.91523148148,57145.91773148148,2,124,6.577560424804688,-0.0039918592856763,-0.009202517569065,-4.858931541442871,0.9938225047456782,0.99383976886405,0.9877174861757484
11,57145.91523148148,57145.91773148148,2,125,4.862704277038574,0.0066816719106108,0.0047968327999114,-7.326404094696045,0.986272619063333,0.9862750744575868,-0.9727385224963184
11,57145.91523148148,57145.91773148148,2,126,7.141970634460449,0.0058291862310051,0.0037864260375499,-6.750672340393066,0.9939953620874268,0.9940035549134046,0.9880430671804856
11,57145.91523148148,57145.91773148148,2,127,6.551321506500244,-0.0073928660636612,-0.0119712650775909,-7.898131370544434,0.9977107704078728,0.9977087609517716,0.9954227716799192
11,57145.91523148148,57145.91773148148,2,128,7.114795684814453,-0.0058827301564044,-0.0017533618956804,-7.512912750244141,,1.0060567693124856,1.0121502230794757
12,57145.917916666665,57145.92032407408,2,-10,6.59900426864624,-0.0033380494435863,-0.0057791396975517,-7.23543643951416,0.9727897683003328,0.9728097052379804,0.946358722605206
12,invalid_time,57145.92032407408,2,-10,7.864344596862793,-0.006230475901268,-0.0013020262122154,-8.04330062866211,0.9819617295133464,0.981967867671947,0.9642608931401904
12,57145.917916666665,57145.92032407408,2,-10,8.028525352478027,0.0042484064810855,-0.0038132918998599,-8.332825660705566,1.03301671725126,1.03303526143139,1.0671618513606205
12,57145.917916666665,57145.92032407408,2,-10,8.974769592285156,0.0016850276336093,-0.0008132308721542,-9.559459686279297,1.0179540540413592,1.0179795193926984,1.0362823019029892
12,57145.917916666665,57145.92032407408,2,-10,8.183356285095215,0.0093714271064998,0.0189296007156372,-8.096447944641113,1.018276249216873,1.0182599905748042,1.0368534084054002
12,57145.917916666665,57145.92032407408,2,-10,6.964082717895508,-0.0036761708353396,-0.0045226570218801,-7.242127418518066,0.995840071352354,0.9958595567657345,0.9917362568016448
12,57145.917916666665,invalid_time,2,1,5.86479377746582,0.0055588885028946,0.0028561875224113,-550.4450798034668,0.9526228769239928,0.9526317881845002,0.9075073238595984
12,57145.917916666665,57145.92032407408,2,2,4.101536273956299,0.0123727943527763,0.0119322221726179,-5.158563613891602,0.952597835304946,0.9525426081208188,0.9073374202856116
12,57145.917916666665,57145.92032407408,2,3,6.657426357269287,0.0084112925372318,0.0060631893575191,-8.196268081665039,1.0225028149264936,1.022495194210402,-1.045496422183368
12,57145.917916666665,57145.92032407408,2,4,7.435023307800293,-0.0025359362994557,-0.0046195201575756,-7.182826042175293,1.0230031849999122,1.0230270306928997,1.0465843055283308
12,57145.917916666665,57145.92032407408,2,5,5.191181182861328,-0.0049255942614092,-0.0065819695591926,-4.417914390563965,0.9747358581379396,0.9747491267887162,0.9501358601753648
12,57145.917916666665,57145.92032407408,2,6,3.679251909255981,-0.007401624325124,-0.0068400017917156,-445.5493450164795,0.9592233163670758,0.9592200637120468,0.9201031306277432
12,57145.917916666665,57145.92032407408,2,7,4.210759162902832,-0.0026412723163198,-0.006717225536704,-5.056653022766113,0.9567746026124492,,0.9154589628698132
12,57145.917916666665,57145.92032407408,2,8,5.229194641113281,0.0115007719818954,0.0066235810518264,-4.255054950714111,0.9528589965878728,0.952814723582088,0.9078558974748104
12,57145.917916666665,57145.92032407408,2,9,4.8510260581970215,0.0042598118014095,0.0218595881015062,-4.357728958129883,0.9460253189298524,0.9460406847876418,0.8949929772734703
12,57145.917916666665,57145.92032407408,2,10,5.479370594024658,-0.0033141672715404,-0.0077406987547874,-5.112997055053711,0.9501252379189392,0.9501445225823956,0.9027746137933284
12,57145.917916666665,57145.92032407408,2,11,3.750553607940674,0.0039792909244462,0.0049744769930839,-4.79100513458252,0.9555910451827512,0.955607968768264,0.9131865899734076
12,57145.917916666665,57145.92032407408,2,13,4.639838218688965,-0.001290948250426,0.0114587396383285,-478.0599117279053,0.9598035575659396,0.9598280096611512,0.9212698081300872
12,57145.917916666665,57145.92032407408,2,13,4.639838218688965,-0.001290948250426,0.0114587396383285,-478.0599117279053,0.9598035575659396,0.9598280096611512,0.9212698081300872
12,57145.917916666665,57145.92032407408,2,14,4.52880859375,0.0025262732560048,0.0059390217065811,-5.37811279296875,0.9607419048406016,0.9607639283701496,0.923067326057242
12,57145.917916666665,57145.92032407408,2,15,7.1479902267456055,0.0121559239181755,0.0170121453702449,-6.329310417175293,0.9697888628870114,0.969738256718496,0.9403922865434274
12,57145.917916666665,57145.92032407408,2,16,5.545968532562256,-0.0013526050652807,-0.0044125169515609,-4.830881118774414,0.96184746943156,0.9618718925600168,0.9251975376969884
12,57145.917916666665,57145.92032407408,2,17,5.169480800628662,-0.0019215045720291,0.0056472271680831,-6.046404838562012,1.0739640697367845,1.0739906826644452,1.1534559864500409
12,57145.917916666665,57145.92032407408,2,18,6.225415229797363,0.0096250837530213,0.00116977840662,-4.942701816558838,1.0401104400541392,1.0400933419592575,1.081794159987977
12,57145.917916666665,57145.92032407408,2,20,7.223925590515137,0.0090462477928149,0.0152268446981906,-8.205387115478516,0.9701202430138396,0.9701036558805568,0.941101103152822
12,57145.917916666665,57145.92032407408,2,21,4.298786163330078,-0.0036235464237303,2.2999942302703857e-05,-6.84849214553833,0.9631189676929112,0.9631375587996478,0.927633957170545
12,57145.917916666665,57145.92032407408,2,22,7.002718925476074,-0.0052757119767582,-0.0090142115950584,-4.549787998199463,0.9583997459096488,0.9584105080422912,0.9185507019258832
12,57145.917916666665,57145.92032407408,2,23,7.2175211906433105,-0.0018089446606218,0.0012970063835382,-6.881580829620361,0.967600655681637,0.9676244906927876,0.9362971549884768
12,57145.917916666665,57145.92032407408,2,24,7.11225700378418,-0.0053173510962207,-0.0088097229599952,-7.688206195831299,0.968517316621619,0.9685282696380528,0.938047009088081
12,57145.917916666665,57145.92032407408,2,25,7.26259708404541,0.0073779189186112,0.0153424870222806,-609.551477432251,0.9689343577708992,0.9689318283282607,0.9388288879475462
12,57145.917916666665,57145.92032407408,2,26,5.960147857666016,0.0160117457462384,0.0202604904770851,-739.5673751831055,0.9710809973413146,0.9709745972142374,0.9427916684353504
12,57145.917916666665,57145.92032407408,2,26,5.960147857666016,0.0160117457462384,0.0202604904770851,-739.5673751831055,0.9710809973413146,0.9709745972142374,0.9427916684353504
12,invalid_time,57145.92032407408,2,28,7.144646644592285,0.0039693888985687,-0.0038279853761196,-7.623283386230469,0.974002916068501,0.9740205237596748,0.9487159807050712
12,57145.917916666665,57145.92032407408,2,29,7.346440315246582,0.0007619497462669,0.0013894848525524,-6.5834245681762695,0.9780839506086484,0.9781094604365744,0.956698116595527
12,57145.917916666665,57145.92032407408,2,30,7.10397481918335,0.0038027863036493,0.007552221417427,-7.485549926757812,0.9822642128076374,0.982282764255673,0.964879428953766
12,57145.917916666665,57145.92032407408,2,30,7.10397481918335,0.0038027863036493,0.007552221417427,-7.485549926757812,0.9822642128076374,0.982282764255673,0.964879428953766
12,57145.917916666665,57145.92032407408,2,32,6.792823791503906,0.0031281449112106,-0.0054916217923164,-7.733084201812744,0.9750355402683653,0.975056259265289,0.9507347087324184
12,57145.917916666665,57145.92032407408,2,33,7.181422710418701,0.0074063745932451,-0.0017988756299018,-7.064213275909424,0.9792980717346288,0.9792958981727689,0.9590204561780098
12,57145.917916666665,57145.92032407408,2,35,7.232300281524658,-0.0041516506536368,0.0092009436339139,-8.050241470336914,0.9824558621463714,0.9824730077503064,0.9652532109579336
12,57145.917916666665,57145.92032407408,2,36,7.6290764808654785,0.0061668022925389,0.0041892006993293,-6.982681274414063,0.9821824477321178,0.9821889980238284,0.9646952278390518
12,57145.917916666665,57145.92032407408,2,37,8.170559883117676,-0.0042528569577925,-0.0042070373892784,-7.975139617919922,0.9901272631861392,0.9901442550974228,var-error
12,57145.917916666665,57145.92032407408,2,38,7.065197467803955,-0.0026968303442153,0.0009771510958671,-6.781659126281738,0.9851806404053932,0.985202938908508,-0.970624830833961
12,57145.917916666665,57145.92032407408,2,39,8.148287773132324,0.0121450905967418,0.0128301158547401,-6.470318794250488,0.97983485226601,0.9797854266861544,0.9599794823465696
12,57145.917916666665,57145.92032407408,2,40,7.168323040008545,-0.0002587464753677,-0.0005017518997192,-8.170398712158203,0.9826775600273328,0.9827034510511072,0.9657060727077555
12,57145.917916666665,57145.92032407408,2,41,7.1688079833984375,0.0096098417764871,0.0118740983307361,-7.706946849822998,0.986158430775679,0.9861376240956664,0.972467413657046
12,57145.917916666665,57145.92032407408,2,42,752.569580078125,0.0096944035500715,0.0166993290185928,-8.625652313232422,0.9997611184762152,0.9997404927464644,0.9994810528369434
12,57145.917916666665,57145.92032407408,2,43,7.525885581970215,-0.0051617379332875,0.0088472515344619,-6.874733924865723,0.9881773205636896,0.9881899091482912,0.9765192965425082
12,57145.917916666665,57145.92032407408,2,44,8.41120719909668,-0.0014063808564297,0.0018289573490619,-8.148531913757324,1.0012717914889002,1.001297220803162,1.0025961243881365
12,57145.917916666665,57145.92032407408,2,45,8.306921005249023,0.0016528991533096,0.0065963417291641,-6.89401912689209,0.9949695393480592,0.9949944226712524,0.9900139011468986
12,57145.917916666665,57145.92032407408,2,46,8.402572631835938,0.0050599137020537,0.0007440745830535,-7.209905624389648,0.9999094450692616,0.9999230301836362,0.999846066291625
12,57145.917916666665,57145.92032407408,2,47,8.451790809631348,-0.0005726661307476,0.0011401176452636,-7.500000476837158,1.0072781245612277,1.0073045470944737,1.0146624505972024
12,57145.917916666665,57145.92032407408,2,48,7.07306432723999,0.0104915190516709,0.0235526114702224,-6.872052192687988,0.9927180822268764,0.9926888391786772,0.98543113142991
12,57145.917916666665,57145.92032407408,2,49,6.809270858764648,0.0014279694881937,0.0128230974078178,-8.421067237854004,0.999203008293528,0.9992283614941762,var-error
12,57145.917916666665,57145.92032407408,2,50,6.7534894943237305,-0.0072270099906076,-0.0034335702657699,-8.366039276123047,1.0026000630771883,1.002600472605916,1.0052077076696064
12,57145.917916666665,57145.92032407408,2,51,8.240721702575684,-0.0067910678743001,-0.0099828988313674,-8.612214088439941,1.002237025851244,1.0022404638387048,1.004485947355622
12,57145.917916666665,57145.92032407408,2,52,8.843923568725586,0.0082804085814617,0.0117163807153701,-8.02109146118164,1.0185129052157167,1.018506126170355,1.0373547290465428
12,57145.917916666665,57145.92032407408,2,53,8.11241340637207,0.0023703315462174,0.0006268322467803,-8.14323616027832,-1.0099349570010638,1.0099588307714795,1.0200168398532938
12,57145.917916666665,57145.92032407408,2,56,8.086935043334961,0.0049933230910572,0.008018635213375,-6.836814403533936,0.9986741217294554,0.9986879852455494,0.9973776918738144
12,57145.85642734704,57145.92032407408,2,57,8.813413619995117,0.0038684013879079,0.0019764155149459,-8.79883098602295,-1.0201503877259823,1.020169970996015,1.04074676972201
12,57145.917916666665,57145.92032407408,2,58,7.977611541748047,0.0054855911132271,-0.0003456473350524,-8.950854301452637,1.0125425766083955,1.0125544296197933,1.025266472942665
12,57145.917916666665,57145.92032407408,2,59,8.542238235473633,-0.0011086262900485,-0.0041164234280586,-8.732588768005371,1.016414636207502,1.0164408481487877,1.0331519977854269
12,57145.917916666665,57145.92032407408,2,62,7.346982002258301,0.0120446629500856,0.0148449167609214,-8.210921287536621,0.994011108961682,0.9939643530803638,0.9879651351944662
12,57145.917916666665,57145.92032407408,2,63,8.507692337036133,0.0024993588351867,0.0034441817551851,-8.772479057312012,1.023771467886501,1.0237954332882548,1.0481570892218857
12,57145.917916666665,57145.92032407408,2,65,9.0399751663208,-0.0023613053289827,0.0006824508309364,-9.738037109375,1.0190962854911485,1.0191204484397849,1.0386064884281083
12,57145.917916666665,57145.92032407408,2,67,6.830726623535156,0.0017863485056675,0.0055277589708566,-8.874168395996094,0.9954798475145812,0.9955045061608648,0.9910292217865874
12,57145.917916666665,57145.92032407408,2,68,7.793200016021728,-0.0042172296005431,-0.0035788267850875,-6.5722479820251465,1.004863589947233,1.004881250605759,1.009786327818994
12,57145.917916666665,57145.92032407408,2,69,8.714315414428711,-0.0002762687558826,0.0003794766962528,-7.67567777633667,1.017172883811776,1.0171996828572991,1.0346951948049905
12,57145.917916666665,57145.92032407408,2,71,7.855300426483154,-0.0026777454032664,-0.0054328553378582,-8.440933227539062,1.022320159984487,1.0223436253674945,1.0451864883295516
12,57145.917916666665,57145.92032407408,2,72,8.034931182861328,-0.006575176199434,-0.0059080719947814,-8.840261459350586,1.0084393629387174,1.0084445299130902,1.0169603699116334
12,57145.917916666665,57145.92032407408,2,73,7.191256046295166,-0.0046998964140789,-0.010244708508253,-6.858251571655273,0.9914550337050154,0.9914700489247132,0.9830128579147732
12,57145.917916666665,57145.92032407408,2,74,8.153290748596191,-0.0083937208998409,-0.0084144845604896,-7.386131763458252,0.9991061924886564,0.999097289267082,0.9981953934208316
12,57145.917916666665,57145.92032407408,2,75,8.7801513671875,-0.0084259098931118,-0.0101537108421325,-8.264690399169922,1.023806833074253,1.0237991692027546,1.0481647388602506
12,57145.917916666665,57145.92032407408,2,76,8.547592163085938,-0.0121908474299986,-0.0128519833087921,-7.562807559967041,-1.000401050351708,1.0003531583231475,1.0007064413670963
12,57145.917916666665,57145.92032407408,2,77,9.07641887664795,-0.0024970640973085,-0.0007994435727596,-7.872296333312988,1.012215571497165,1.0122391943263218,1.0246281865304012
12,57145.917916666665,57145.92032407408,2,78,8.42185115814209,0.0096111814978168,0.0137009173631668,-8.519835472106934,1.0204874654436054,1.0204691257004697,1.041357236507881
12,57145.917916666665,57145.92032407408,2,79,8.299976348876953,-0.0005161982743266,-0.0028457194566726,-8.632699012756348,1.0118605813226236,1.0118871446492494,1.0239155935064113
12,57145.917916666665,57145.92032407408,2,80,7.1553568840026855,-0.0102756986505767,-0.0111655816435813,-6.116158485412598,0.9948369980569958,0.9948101707510258,0.9896472758296851
12,57145.917916666665,57145.92032407408,2,80,7.1553568840026855,-0.0102756986505767,-0.0111655816435813,-6.116158485412598,0.9948369980569958,0.9948101707510258,0.9896472758296851
12,57145.917916666665,57145.92032407408,2,81,7.4470648765563965,-0.0089942451393597,-0.0079395622014999,-8.513531684875488,0.998423555926196,0.9984093810598186,0.99682129218825
12,57145.917916666665,57145.92032407408,2,83,7.102821826934815,0.0059749374733017,-63.407414855309526,-8.301837921142578,-1.0012350543414577,1.001243640467084,1.002488827575779
12,57145.917916666665,57145.92032407408,2,83,7.102821826934815,0.0059749374733017,-63.407414855309526,-8.301837921142578,-1.0012350543414577,1.001243640467084,1.002488827575779
12,57145.917916666665,57145.92032407408,2,84,6.564722061157227,-0.009028894043812,-0.0143610388040542,-7.468280792236328,1.0054587066484832,1.005444694492661,1.0109190336834404
12,57145.917916666665,57145.92032407408,2,85,6.470108985900879,-0.0168945853288434,-0.0182117335498332,-7.733378887176514,0.9921893950667208,0.9920717212966218,0.984206300196442
12,57145.917916666665,57145.92032407408,2,86,7.729364395141602,-748.2842277231209,-0.013929545879364,-8.02227783203125,1.010475585297341,1.0104793834168644,1.0210685843105265
12,57145.917916666665,57145.92032407408,2,87,7.242245674133301,-0.0001172725508916,-0.001734010875225,-8.544407844543457,1.0040341625152298,1.0040606567725152,1.0081378024784544
12,57145.917916666665,57145.91818217261,2,88,7.740437984466553,-0.0001620367618695,0.0050691366195678,-8.092180252075195,1.003077423169055,1.0031038845369429,1.0062174031731046
12,57145.917916666665,57145.92032407408,2,89,7.08643913269043,0.0033542922772262,0.0004303567111492,-7.326840877532959,0.9878023186915844,0.9878226850860956,0.975793657170704
12,57145.917916666665,57145.92032407408,2,90,6.489135265350342,0.0092668510862874,0.0110143274068832,-6.03257942199707,0.990939776900032,0.9909225921698634,0.9819275836726414
12,57145.917916666665,57145.91818217261,2,91,8.529888153076172,0.0122343845607588,0.0075430274009704,-8.041119575500488,1.0097094223879357,1.0096619496038932,1.0194172524779348
12,57145.917916666665,57145.91818217261,2,91,8.529888153076172,0.0122343845607588,0.0075430274009704,-8.041119575500488,1.0097094223879357,1.0096619496038932,1.0194172524779348
12,57145.917916666665,57145.92032407408,2,92,7.8977370262146,0.0127504491895265,0.0154791139066219,-7.482054710388184,0.9995908349561996,0.999535886115694,0.9990719876330856
12,57145.917916666665,57145.92032407408,2,93,7.2147216796875,0.0049504687539683,0.0021747164428234,-7.279224395751953,0.9809851587198912,0.9809985490305132,0.9623581531999724
12,57145.917916666665,57145.92032407408,2,94,8.237689971923828,0.0111135198010754,0.0079967565834522,-7.842671871185303,0.9863612051249068,0.9863246160573466,0.9728362482406722
12,57145.917916666665,57145.92032407408,2,95,8.52919864654541,0.0096797212586298,0.0116276610642671,-7.8258891105651855,0.99064883577287,0.9906276821972908,0.9813432047355768
12,57145.917916666665,57145.92032407408,2,96,6.521774291992188,0.0039263080932547,0.0029618814587593,-6.576028823852539,0.9798597758310764,0.9798777667860288,0.9601604378415752
12,57145.917916666665,57145.92032407408,2,97,7.449119567871094,0.0032918997460946,0.0017255693674087,-7.588122844696045,0.9814072590710736,0.9814276281686616,0.9632001893327647
12,57145.917916666665,57145.92032407408,2,98,7.643333435058594,-0.0051921860307239,0.0007513873279094,-6.659894943237305,0.9896647726597996,0.989677262845959,0.9794610845942694
12,57145.917916666665,57145.92032407408,2,99,7.570589542388916,-0.0063523888989126,-0.0001749843358993,-8.328788757324219,0.9968144170048094,0.9968204803530178,0.9936510700512212
12,57145.917916666665,57145.92032407408,2,100,8.72213363647461,0.0033365409807015,0.0006207972764968,-7.760307312011719,0.989317548664467,0.9893380334321838,0.978789744395461
12,57145.917916666665,57145.92032407408,2,101,8.087370872497559,0.0144307663431022,0.0065041296184062,-7.323220252990723,0.9928599371018082,0.9927812488323744,0.9856146080331688
12,57145.917916666665,57145.92032407408,2,102,7.675442218780518,0.0074044774177662,0.0147831290960311,-7.435973644256592,0.986761835790968,0.986760085223654,0.9736954657905926
12,57145.917916666665,57145.92032407408,2,103,8.240975379943848,0.009493747981646,-0.0007108757272362,-7.810232162475586,0.9943871995891036,0.9943681183001786,0.988767954691838
12,57145.917916666665,57145.92032407408,2,104,7.516837120056152,0.0051099337825173,0.0083092655986547,-7.422520637512207,0.9808376277467988,0.9808501917107056,0.962067098578928
12,57145.917916666665,57145.92032407408,2,106,8.678640365600586,0.0071860336955345,0.0127840340137481,-7.772562026977539,0.9917697786597316,0.9917699143117796,0.9836075629339944
12,57145.917916666665,57145.92032407408,2,107,6.897011280059815,0.0068206493143519,0.0007837265729904,-8.411409378051758,0.9806159879190852,0.9806181372818772,0.9616119311661784
12,57145.917916666665,57145.92032407408,2,108,5.984750747680664,0.0022920841867865,0.0099318027496337,-7.262393951416016,0.9943569859363162,0.994380575964038,var-error
12,57145.917916666665,57145.92032407408,2,109,6.941362380981445,0.0044598428974361,0.0015575960278511,-6.902312278747559,0.9747294736313576,0.9747449844216828,-0.9501277846552268
12,57145.917916666665,57145.92032407408,2,110,7.807766914367676,-0.0069140017374511,-0.0073357261717319,-7.639851570129394,0.9872825019470604,0.9872843366194288,0.9747303613340654
12,57145.917916666665,57145.92032407408,2,112,7.952245712280273,0.0034870959568654,0.0050295237451791,-7.35009765625,0.9822058061301474,0.982225527157588,0.9647669862000016
12,57145.917916666665,57145.92032407408,2,113,7.82567834854126,0.0077575175285711,-0.0016615092754364,-6.225591659545898,-0.9773522232413708,0.9773472183884668,0.9552075852916734
12,57145.917916666665,57145.92032407408,2,114,7.889193534851074,-0.0048493670789632,-0.0114964358508586,-8.274422645568848,0.9909783516975728,0.9909926287915872,0.9820663903192608
12,57145.917916666665,57145.92032407408,2,114,7.889193534851074,-0.0048493670789632,-0.0114964358508586,-8.274422645568848,0.9909783516975728,0.9909926287915872,0.9820663903192608
12,57145.917916666665,57145.92032407408,2,115,6.565565586090088,-0.0105027243134526,-0.0129954069852828,-7.411087512969971,0.9885610633572188,0.988531347435653,0.9771942248629476
12,57145.917916666665,57145.92032407408,2,116,6.395109176635742,0.0039395219668505,0.0028050988912582,-6.843252182006836,0.9919396016357702,0.991957946486524,0.9839805675977618
12,57145.917916666665,57145.92032407408,2,116,6.395109176635742,0.0039395219668505,0.0028050988912582,-6.843252182006836,0.9919396016357702,0.991957946486524,0.9839805675977618
12,57145.917916666665,57145.92032407408,2,117,6.981067657470703,-0.0045162294364831,-0.0030959621071815,-7.950399398803711,0.9841800783692216,-0.9841956793089404,0.9686411351703864
12,57145.917916666665,57145.92032407408,2,118,7.197795867919922,-0.0069639623544263,-0.0046800747513771,-793.3452129364014,0.9946772450077332,0.9946791062030071,0.9893865243168134
12,57145.917916666665,57145.92032407408,2,119,5.91512393951416,0.0047803948894726,0.0059545747935771,-6.488100051879883,0.9852440663696024,0.9852584602080326,0.9707342334115034
12,57145.917916666665,57145.92032407408,2,120,6.371382236480713,0.0023334543684173,0.000779204070568,-796.9287872314453,0.9859494387732268,0.9859726874302576,0.9721421403584444
12,57145.917916666665,57145.92032407408,2,122,7.10009765625,0.003132373263832,-0.0118523500859737,-6.098306179046631,0.9840575070161902,0.9840784816375948,0.9684104580221542
12,57145.917916666665,57145.92032407408,2,123,6.772215843200684,-0.0021461143110075,-0.0018939524888992,-6.591616630554199,0.9843019925252572,0.984325619405346,0.9688969250177184
12,57145.917916666665,57145.92032407408,2,124,7.41343879699707,-748.2842277231209,-0.0091501362621784,-7.059228897094727,0.9829325976067026,0.98295099819963,0.9661926648616488
12,57145.917916666665,57145.92032407408,2,125,8.278285026550293,-0.0027097327780331,0.0027248114347457,-7.605118751525879,0.9824691079263804,0.982491289207434,0.9652891333684857
12,57145.917916666665,57145.92032407408,2,126,7.023194789886475,-0.0030519269754794,-0.0047889947891235,-7.323362827301025,0.9881533701535392,0.9881747266090704,0.9764892903089112
12,57145.917916666665,57145.92032407408,2,127,7.373428344726562,-0.0043550769707537,-0.0087112337350845,-8.229934692382812,0.9951803961901848,0.995197125715294,var-error
12,57145.917916666665,57145.92032407408,2,128,7.732335567474365,-0.0074190789093698,-0.0013341754674911,-8.128799438476562,1.004161073675905,1.0041601585242674,1.008337623967482
13,57145.92050925926,57145.92300925926,2,-10,3.553443431854248,0.0007448044191347,-63.407414855309526,-3.854586601257324,0.9419862024646636,0.9420098707205335,0.8873825965349166
13,57145.92050925926,57145.92300925926,2,-10,8.18046760559082,0.0030692603895869,0.0107793807983398,-678.3463001251221,0.977800346463456,0.977820404246864,0.9561327429615004
13,57145.92050925926,57145.92300925926,2,-10,5.6446638107299805,0.0110793794641885,0.0002298802137374,-6.116143703460693,0.971197072248494,0.9711585778065368,0.9431489832472152
13,57145.92050925926,57145.92300925926,2,-10,6.002164363861084,-0.0025046644865524,-0.0019623786211013,-8.168313980102539,0.968906104363085,0.9689275194730192,0.938820537992138
13,57145.92050925926,57145.92300925926,2,-10,8.495382308959961,-0.0065973959759895,-63.407414855309526,-7.620843410491943,0.975487274818327,0.9754897792367956,0.9515803093954524
13,57145.92050925926,57145.92300925926,2,1,3.5714216232299805,0.0018305035473031,-0.0014061063993722,-3.677142143249512,0.946642733486676,0.9466650448039582,0.8961747070536802
13,57145.92050925926,57145.92300925926,2,2,4.231302261352539,0.0137371850585868,0.0089997723698616,-4.816865921020508,0.9465158649742392,0.9464402483399788,0.8957491436778409
13,57145.92050925926,57145.92300925926,2,3,7.652434349060059,0.0035293054651805,0.0004766844213008,-8.180460929870605,1.008849203948081,1.0088687070729658,1.017816068111078
13,57145.92050925926,57145.92300925926,2,4,8.142213821411133,0.0001739825396877,-0.000522781163454,-7.761525630950928,1.009435668433844,1.0094613371921042,1.019012191285671
13,57145.92050925926,57145.92300925926,2,5,6.249692916870117,0.0068264887151264,0.0129900053143501,-4.75321102142334,,0.9606753879344356,0.9228972009829788
13,57145.92050925926,57145.92300925926,2,6,360.7379198074341,0.0118743940782466,0.0127943642437458,-3.625053405761719,0.9386017410656888,0.938550500378704,var-error
13,57145.92050925926,57145.92300925926,2,6,360.7379198074341,0.0118743940782466,0.0127943642437458,-3.625053405761719,0.9386017410656888,0.938550500378704,var-error
13,57145.92050925926,57145.92300925926,2,7,4.19725227355957,0.0121844934991731,0.0083697400987148,-3.9720962047576895,0.9467805299769232,0.9467262058730436,0.8962905088867686
13,57145.92050925926,57145.92300925926,2,8,4.3352813720703125,-0.0054726167211455,-0.0011968947947025,-3.712648868560791,0.94584486523207,-0.9458530934080748,0.8946380743096243
13,57145.92050925926,57145.92300925926,2,10,4.435113906860352,0.0072122952092695,0.0050661340355873,-4.854153633117676,,0.9503124625818168,0.9030937765383168
13,57145.92050925926,57145.92300925926,2,11,3.984253406524658,0.0083523901422213,0.0085391700267791,-4.101242065429688,0.9459543664251256,0.9459415543304605,0.8948054242091276
13,57145.92050925926,57145.92300925926,2,12,5.185907363891602,-0.0075521945914895,-0.0007348842918872,-4.12750244140625,0.9519466817895952,0.9519409392753116,0.9061915518683624
13,57145.92050925926,57145.92300925926,2,13,5.28563117980957,-0.00389666204177,-0.010696068406105,-5.434885025024414,0.9514166158275376,0.9514328385321748,0.9052244462373914
13,57145.92050925926,57145.92300925926,2,14,4.557857513427734,-748.2842277231209,0.00457364320755,-4.857828140258789,0.9495073136480604,0.94953135484186,0.901609793827818
13,57145.92050925926,57145.92300925926,2,15,4.463178634643555,-0.0007904342282449,0.0066991904750466,-4.625739097595215,0.9638536313170808,0.9638778261871156,0.9290604638151996
13,57145.92050925926,57145.92300925926,2,16,4.733049392700195,-0.0032067683595601,-0.0006337575614452,-5.844293594360352,0.9439713380283268,0.9439899042231724,-0.8911169392752741
13,57145.92050925926,57145.92300925926,2,17,6.045188903808594,-0.0113797389881232,-0.0167289450764656,-5.892154216766357,1.0542874344608415,1.054252835438006,1.1114490410290754
13,57145.92050925926,57145.92300925926,2,18,5.952163219451904,-0.0001644909198596,-0.0025309389457106,-5.99833869934082,1.0353501985750648,1.035376523259965,1.072004544917893
13,57145.92050925926,57145.92300925926,2,19,4.842127323150635,-0.0013372469506741,-0.00571059435606,-4.173232555389404,0.9539978877739148,0.954021218791901,0.9101564859051844
13,57145.92050925926,57145.92300925926,2,20,4.203731536865234,0.0010415221776075,0.001742910593748,-6.680495262145996,0.9674841555120304,0.9675082062264684,0.9360721291155584
13,57145.92050925926,57145.92300925926,2,21,3.953055858612061,0.0091436298898681,0.0170648880302906,-4.179946899414063,0.949637087367913,0.9496172226100608,0.9017728694776458
13,57145.92050925926,57145.92300925926,2,22,5.796245574951172,-0.0024692573803801,-0.0073647052049636,-5.208639144897461,0.958511896610171,0.9585330990531982,0.9187857019805282
13,57145.92050925926,57145.92300925926,2,23,5.570301532745361,-0.0017515603843293,-0.0031966865062713,-6.229917526245117,0.9628197829529144,0.9628426823802478,0.9270660310131908
13,57145.92050925926,57145.92300925926,2,24,5.462131500244141,0.0063047414388463,0.0109605975449085,-5.703037261962891,0.9611541741031454,,0.9238245962546044
13,57145.92050925926,57145.92300925926,2,25,5.730390548706055,-0.0028750155732588,-0.0092750117182731,-6.055084228515625,0.9598955649130336,0.959915677565368,0.9214381080357796
13,57145.92050925926,57145.92300925926,2,26,7.192417144775391,0.0011036928504702,0.0006751343607902,-7.22702693939209,0.9576711214323788,0.9576948471393608,0.917179420237284
13,57145.92050925926,57145.92300925926,2,28,6.270907402038574,0.0024927653604739,0.0098306043073534,-5.871087074279785,0.9725786663300416,0.9726002126440498,0.9459511736352508
13,57145.92050925926,57145.92300925926,2,29,6.374663829803467,0.0108296798254443,0.012601226568222,-6.453405380249023,0.9547806412799784,0.9547435076478838,0.9115351653957848
13,invalid_time,57145.92300925926,2,30,5.860746383666992,0.0146917743346527,0.0082520619034767,-6.496828556060791,0.9695987902577688,0.9695121381565608,0.9399537860329062
13,57145.92050925926,57145.92300925926,2,31,6.926630973815918,0.0003904189457616,-0.0003175884485244,-6.2960638999938965,0.965948538977729,0.9659730323536898,0.9331038992345826
13,57145.92050925926,57145.92300925926,2,32,8.137979507446289,0.0020747506201159,0.0048214197158813,-8.281963348388672,0.973577218958508,0.9735997783125756,0.9478965283302964
13,57145.92050925926,57145.92300925926,2,33,7.590331554412842,0.0007193155701286,0.0057739689946174,-7.49753475189209,0.9684679821192166,0.968492351350728,-0.937977434624862
13,57145.92050925926,57145.92300925926,2,34,7.884894371032715,-0.0002540964221011,0.0040569119155406,-7.21370792388916,0.973993834236732,0.9740185780297564,0.9487121903471084
13,57145.92050925926,57145.92300925926,2,35,8.072833061218262,0.0126374460245821,0.0206164829432964,-6.261845588684082,0.984339323620811,0.984283235364542,0.9688134874196904
13,57145.92050925926,57145.92300925926,2,36,8.18145751953125,-0.008605635451099,-0.0022473074495792,-6.3467888832092285,0.9697007731185858,0.9696872536536106,0.9402933698982816
13,57145.92050925926,57145.92300925926,2,38,7.96402645111084,0.0034245914788795,0.0053151920437812,-6.892226219177246,0.9786771135685756,0.978696017798554,0.9578458952547476
13,57145.92050925926,57145.92300925926,2,39,6.135302543640137,-0.0136284222344022,-0.0246870666742324,-5.800441265106201,0.9773979595297658,0.9773278015609383,0.955169631703937
13,57145.92050925926,57145.92086735779,2,40,7.213813781738281,-0.006326146386812,-0.0056436024606227,-7.39541482925415,0.9869011795081276,0.986906008414661,0.9739834694449592
13,57145.92050925926,57145.92086735779,2,40,7.213813781738281,-0.006326146386812,-0.0056436024606227,-7.39541482925415,0.9869011795081276,0.986906008414661,0.9739834694449592
13,57145.92050925926,57145.92300925926,2,42,7.508108615875244,0.0063693337598297,0.0069158505648374,-8.016247749328613,0.9891421439922498,0.989146799959885,0.9784113918708808
13,57145.92050925926,57145.92300925926,2,43,7.049681663513184,0.0054323930463428,0.000173982232809,-7.065082550048828,0.9809621534901544,0.980972066652918,0.9623061955532972
13,57145.92050925926,57145.92300925926,2,44,7.072793006896973,0.0085935083888157,0.0140538401901721,-7.207354545593262,0.9869288890052654,0.9869165813827,0.9740043386081152
13,57145.92050925926,57145.92300925926,2,46,7.718743324279785,-0.0083886131269691,-0.0078666433691978,-7.996932506561279,0.9960863584657204,0.9960763770923956,0.992168149001512
13,57145.92050925926,invalid_time,2,47,8.601217269897461,0.0154887107462057,0.0159242451190948,-8.732904434204102,1.0131686752668487,1.0130760543544053,1.0263230919062898
13,57145.92050925926,57145.92300925926,2,48,8.204601287841797,0.0093323842127301,0.0115298777818679,-8.773733139038086,1.001814694643163,1.001796709436767,-1.0035966470383342
13,57145.92050925926,57145.92300925926,2,48,8.204601287841797,0.0093323842127301,0.0115298777818679,-8.773733139038086,1.001814694643163,1.001796709436767,-1.0035966470383342
13,57145.92050925926,57145.92300925926,2,50,8.598470687866211,-0.0006185328075889,0.0037827044725418,-7.150196075439453,-0.999940834401449,0.9999660800848138,0.9999321613201884
13,57145.92050925926,57145.92086735779,2,51,8.699353218078613,-0.004860509915189,-0.0026282174512743,-8.051887512207031,1.0072071945501038,1.0072210934808865,1.0144943311528327
13,57145.92050925926,57145.92300925926,2,52,8.430435180664062,-0.0014980507413208,-0.0026053041219711,-6.408905982971191,0.9969700598381164,0.9969943073577476,0.9939976489037547
13,57145.92050925926,57145.92300925926,2,53,8.242779731750488,0.002013461453595,0.0026567727327346,-8.643721580505371,1.006391371784304,1.0064149625817176,1.0128710769083602
13,57145.92050925926,57145.92300925926,2,54,8.670732498168945,-0.0001364687586191,-0.0055405646562576,-7.908578872680664,0.992432939163763,0.9924581783512262,0.9849732357762342
13,57145.92050925926,57145.92300925926,2,55,8.231647491455078,-0.0179716879175466,-0.0123849511146545,-7.909140110015869,0.9951901387186082,0.9950531675011792,var-error
13,57145.92050925926,57145.92300925926,2,56,8.274781227111816,0.0089064557128048,-63.407414855309526,-7.542047500610352,0.9813355314329896,0.98132007897743,0.9629890974042696
13,57145.92050925926,57145.92300925926,2,57,8.639897346496582,0.004779513593508,-0.0055462792515754,-7.661928653717041,0.9932836849390556,0.9932974672650832,0.986639858475229
13,57145.92050925926,57145.92300925926,2,58,8.002796173095703,0.0072952947891613,0.012502834200859,-8.027873039245605,0.984073570797265,-0.9840715732220752,0.96839686122377
13,57145.92050925926,57145.92300925926,2,59,7.656084060668945,0.0108912235051833,0.009904533624649,-8.3477783203125,0.9892537521693896,0.989218979521924,0.9785541894463968
13,57145.92050925926,57145.92300925926,2,59,7.656084060668945,0.0108912235051833,0.009904533624649,-8.3477783203125,0.9892537521693896,0.989218979521924,0.9785541894463968
13,57145.92050925926,57145.92300925926,2,60,7.441994667053223,0.0059064632729943,0.0105694532394409,-8.203739166259766,0.9889447741351608,0.98895231186223,0.9780266751376496
13,57145.92050925926,57145.92300925926,2,61,8.337106704711914,0.0046280675066241,0.0111693199723958,-8.601439476013184,0.993571619311719,0.993586122869928,0.9872133835596956
13,57145.92050925926,57145.92300925926,2,63,7.676219463348389,-0.0003406232471937,-0.0020058155059814,-8.422079086303711,0.9907965217563064,0.9908216855425828,0.9817276125414448
13,57145.92050925926,57145.92300925926,2,63,7.676219463348389,-0.0003406232471937,-0.0020058155059814,-8.422079086303711,0.9907965217563064,0.9908216855425828,0.9817276125414448
13,57145.92050925926,57145.92300925926,2,64,6.666529655456543,0.0004074122328147,0.0008030459284782,-784.2121124267578,0.9884224277666824,0.988447513391182,0.9770284867292108
13,57145.92050925926,57145.92300925926,2,65,6.170494079589844,0.0053814752686966,-63.407414855309526,-7.935129642486572,0.9919027437418374,0.9919133967032642,0.9838921865594072
13,57145.92050925926,57145.92300925926,2,66,8.15524673461914,-0.0028838474060756,-0.0021455138921737,-6.411230087280273,0.9772491199392376,0.977269738394948,0.9550561415825304
13,57145.92050925926,57145.92300925926,2,67,6.904538631439209,-0.0087435012742974,-0.0091808438301086,-7.849021911621094,0.9730863796969946,0.9730718514004616,0.9468688279879218
13,57145.92050925926,57145.92300925926,2,68,681.5113544464111,-0.0014047631335225,-0.00356309954077,-8.098011016845703,0.9810801476050848,0.9811041016146456,0.9625652582050804
13,57145.92050925926,57145.92300925926,2,69,7.372858047485352,-0.0017560841349792,-0.002991035580635,-8.308801651000977,0.9787800668917116,0.9788033952669144,0.9580560865860394
13,57145.92050925926,57145.92300925926,2,70,7.69481086730957,0.0140281989350897,0.014557659626007,-6.763047218322754,0.9928524420110144,0.9927785915404256,0.9856093318209912
13,57145.92050925926,57145.92300925926,2,71,7.637478828430176,0.0050372871456805,0.0153193101286888,-7.300690650939941,0.9820456606810378,0.9820577242186166,0.9644373736974484
13,57145.92050925926,57145.92300925926,2,72,6.051559448242188,-0.0013216901465367,0.0109785497188568,-6.042280673980713,0.9840430252842548,0.9840671715137868,0.9683881980511446
13,57145.92050925926,57145.92300925926,2,74,5.275949001312256,0.0016284271002884,-0.0008701384067535,-7.575410842895508,0.9759760834349924,0.9759995535019608,0.9525751284360272
13,57145.92050925926,57145.92300925926,2,75,6.042610168457031,0.0096248534718667,0.0016503930091857,-726.5726089477539,0.9821882932920574,0.9821661187420418,0.9646502848048067
13,57145.92050925926,57145.92300925926,2,76,4.970609664916992,-0.0015323860044384,-0.01502092089504,-5.3081793785095215,0.9669143679842872,0.9669377505213772,0.934968613383341
13,57145.92050925926,57145.92300925926,2,77,5.665419578552246,-748.2842277231209,-0.0046155527234077,-6.018181324005127,0.9840305989639458,0.9840372490415996,0.9683293075013588
13,57145.92050925926,57145.92300925926,2,80,4.909800052642822,-0.0025678664591526,-63.407414855309526,-3.997274875640869,0.971970205351827,0.9719915386724024,0.9447675512507446
13,57145.92050925926,57145.92300925926,2,80,4.909800052642822,-0.0025678664591526,-63.407414855309526,-3.997274875640869,0.971970205351827,0.9719915386724024,0.9447675512507446
13,57145.92050925926,57145.92300925926,2,81,5.728349685668945,0.0142521187407219,0.0189706608653068,-4.575240135192871,0.9727795275249398,0.97269986196109,0.9461450214591236
13,57145.92050925926,57145.92300925926,2,84,6.879636287689209,0.0069490590431368,0.0098596662282943,-5.214632511138916,0.9849234719493573,0.9849240116911848,0.9700753088058572
13,57145.92050925926,57145.92300925926,2,85,7.009880542755127,0.0027699344616161,0.0050417631864547,-5.5784101486206055,0.977904850378534,0.9779258037530074,0.9563388776459656
13,57145.92050925926,57145.92300925926,2,86,803.8910865783691,-0.0109997509668271,-0.0095362588763237,-7.966767311096191,0.9872369360388796,0.9872007670276962,0.9745653544200716
13,57145.92050925926,57145.92300925926,2,88,7.207238674163818,-0.0089688720754775,-0.0120367761701345,-7.68821907043457,0.9886923085408998,0.9886767822999064,0.9774817798588964
13,57145.92050925926,57145.92300925926,2,90,7.57985782623291,-0.0134381211987056,-0.0136870145797729,-5.8123884201049805,0.9644868489258984,0.9644177621883318,0.9301016200243496
13,57145.92050925926,57145.92300925926,2,91,7.400901794433594,-0.0097709249482366,-0.0080544054508209,-6.802832126617432,0.9923765354509628,0.9923536882850914,0.9847658426530244
13,57145.92050925926,57145.92300925926,2,92,7.779701232910156,-0.0006450794936428,-63.407414855309526,-7.956532001495361,-0.9851290389356588,0.9851538930278412,0.9705281929479112
13,57145.92050925926,57145.92300925926,2,93,6.793117046356201,-0.0040680875694544,-0.008554358035326,-7.24528694152832,0.9757325407840188,0.9757488812321998,0.9520858792258896
13,57145.92050925926,57145.92300925926,2,94,6.516475677490234,0.0044399288115381,0.0046848207712173,-6.567633628845215,0.9688599247903998,0.9688743975369282,0.9387175982025456
13,57145.92050925926,57145.92300925926,2,94,6.516475677490234,0.0044399288115381,0.0046848207712173,-6.567633628845215,0.9688599247903998,0.9688743975369282,0.9387175982025456
13,57145.92050925926,57145.92300925926,2,95,7.6414475440979,0.0099636047668359,0.0066825384274125,-7.937796592712402,0.974334462841828,0.9743083015965812,0.9492766665600144
13,57145.92050925926,57145.92300925926,2,96,7.422828674316406,0.0064179792343012,0.0151051878929138,-7.473347663879394,0.9723334022977124,0.9723369562444544,0.94543915647873
13,57145.92050925926,57145.92086735779,2,97,7.7319722175598145,0.0025575401318599,-0.0006823241710662,-7.172463417053223,0.97787195725454,0.9778934920397384,var-error
13,57145.92050925926,57145.92300925926,2,98,6.186226844787598,-0.0125785848964649,-0.0127322971820831,-6.060894012451172,0.964426899051706,0.9643693986424152,0.9300083370379336
13,57145.92050925926,57145.92300925926,2,99,6.78928279876709,-0.0042068757862838,-0.0028389133512973,-6.617151737213135,0.9744268189741528,0.9744425280406755,0.9495382404543028
13,57145.92050925926,57145.92300925926,2,100,7.605194091796875,0.0061066092837519,0.0059376060962677,-7.254951477050781,0.9799397276755734,0.9799456294422596,0.9602934366629864
13,57145.92050925926,57145.92300925926,2,102,6.247185230255127,-0.0059406745956268,-0.0024095587432384,-6.532602310180664,0.9660864972241304,0.9660928071285904,-0.9333353119856
13,invalid_time,57145.92300925926,2,103,7.670201301574707,-748.2842277231209,-0.0061278939247131,-8.613015174865723,0.9822544711309972,0.9822706916910844,0.9648557117552812
13,57145.92050925926,57145.92086735779,2,104,6.58528995513916,-0.0086066122407745,-0.0049228556454181,-6.976039409637451,0.9701000973205024,0.970086595067384,0.9410680019294304
13,57145.92050925926,57145.92300925926,2,106,7.784884452819824,-0.0072644900886029,-0.0052754236385226,-8.146442413330078,0.9832539187547452,0.9832520944041394,0.9667846811501268
13,57145.92050925926,57145.92300925926,2,107,6.501626968383789,-0.0011119714615533,0.0074674785137176,-7.244519233703613,0.9732923489810958,0.9733164728532214,0.9473449563274356
13,57145.92050925926,57145.92300925926,2,108,4.898983478546143,-0.0021876338240112,-0.0091686025261878,-6.323198318481445,0.9720449721777362,0.972067237786786,0.944914714778432
13,57145.92050925926,57145.92300925926,2,109,6.366117000579834,0.0079469532559151,0.017847379669547,-6.108142375946045,,0.9683232955309709,0.9376500046679596
13,57145.859019939635,57145.92300925926,2,111,8.923100471496582,-0.0087285215384296,-0.0057932883501052,-8.32014274597168,0.979161664221658,0.9791476678826724,var-error
13,57145.92050925926,57145.92300925926,2,112,7.128532409667969,-0.0034048108634352,-0.0145648196339607,-6.462059020996094,0.969371358095794,0.9693900402712868,0.9397170501771668
13,57145.92050925926,57145.92300925926,2,113,6.699400901794434,-0.0029591401138883,-0.001694768667221,-8.821048736572266,0.9800720957006136,0.9800925623954656,0.9605814308629094
13,57145.92050925926,57145.92300925926,2,114,5.947137355804443,-0.010419271839619,-0.0065870732069015,-7.735594749450684,0.970582756194552,0.9705515238125814,0.9419702603749236
13,57145.92050925926,57145.92300925926,2,116,8.140379905700684,-0.0055795999596939,-0.007859909441322,-7.63978910446167,-0.9721161598194588,0.972124875996715,0.9450267745316284
13,57145.92050925926,57145.92300925926,2,117,8.031492233276367,0.0020125529424991,0.0032605584710836,-8.216621398925781,0.9721954299445,0.9722180804911512,0.9452079960338988
13,57145.92050925926,57145.92300925926,2,118,7.930462837219238,0.0082243624513993,0.0045685991644859,-8.031245231628418,0.9730913606354964,0.9730813628635664,0.946887338752416
13,57145.859019939635,57145.92300925926,2,120,553.7836074829102,-0.0010562515538896,0.0025223717093467,-8.80985164642334,0.9699922042647964,0.9700163118366684,0.9409316452292126
13,57145.92050925926,57145.92086735779,2,121,7.347757339477539,-0.0109938848635282,-0.0032112300395965,-7.626452445983887,0.9727689637157668,0.9727315852424854,0.9462067369283588
13,57145.92050925926,57145.92300925926,2,122,8.333868026733398,-0.0064342559860999,-0.0020988648757338,-8.693997383117676,0.9697634904860508,0.9697668138025732,0.9404476731527944
13,57145.92050925926,57145.92300925926,2,123,8.164264678955078,-0.0024276721723687,0.0085657443851232,-8.450788497924805,0.9817235141038222,0.9817454884782296,0.963824204147358
13,57145.92050925926,57145.92300925926,2,124,7.777650833129883,0.000231162743438,0.000419657677412,-8.567073822021484,0.9737867740444308,0.9738115207983028,0.9483088780395036
13,57145.92050925926,57145.92300925926,2,126,7.776587009429932,-0.0064540104721148,-0.0038666129112243,-738.4871482849121,-0.9850194469187638,0.985023360969672,-0.9702710216559888
13,57145.92050925926,57145.92300925926,2,128,7.876293182373047,-0.0078069877754849,-0.0066535547375679,-7.400678634643555,0.9900335821532172,-0.9900279922387096,0.9801554254162106
14,57145.92319444445,57145.92355254297,2,-10,4.530544281005859,0.0029024849344923,0.0103228352963924,-4.749063968658447,,0.9588173181809768,0.9193306496437608
14,57145.92319444445,57145.92569444444,2,-10,8.184218406677246,0.0008327627200708,0.0047967731952667,-8.609212875366211,1.0064881827289274,1.006513461308551,1.0130693477953192
14,57145.92319444445,57145.92569444444,2,-10,4.362968921661377,-748.2842277231209,-0.0038001611828804,-4.976602554321289,0.9599960938729808,0.960019772417326,0.9216379634322144
14,57145.92319444445,57145.92569444444,2,-10,6.455378532409668,-0.0040503262546831,-0.0029262118041515,-825.2734184265137,0.9653225497858,0.9653386086523482,0.9318786293548514
14,57145.92319444445,57145.92355254297,2,-10,4.530544281005859,0.0029024849344923,0.0103228352963924,-4.749063968658447,,0.9588173181809768,0.9193306496437608
14,57145.92319444445,57145.92569444444,2,-10,8.184218406677246,0.0008327627200708,0.0047967731952667,-8.609212875366211,1.0064881827289274,1.006513461308551,1.0130693477953192
14,57145.92319444445,57145.92569444444,2,0,4.062324523925781,0.0016111074520686,0.0048322454094886,-3.79522442817688,-0.939185143607806,-0.9392076531572658,0.882111015749179
14,57145.92319444445,57145.92569444444,2,1,3.9788570404052734,-0.0031277790154289,-0.0120197366923093,-3.927085876464844,0.9438463119953504,0.9438651393616794,0.8908814013022424
14,57145.92319444445,57145.92569444444,2,2,3.699109315872192,-0.0067746739981522,-0.0107149221003055,-4.107577800750732,0.943815844045222,0.9438155381938356,var-error
14,57145.92319444445,57145.92569444444,2,3,5.359583854675293,-0.005039340200034,-0.0034346748143434,-5.301187515258789,0.9831924292481424,0.983204525234724,0.9666911384420392
14,57145.92319444445,57145.92569444444,2,4,5.9717512130737305,0.0033726211188844,0.0001595839858055,-5.620523452758789,0.9838290246282266,0.9838482708277146,0.967957420010684
14,57145.92319444445,57145.92569444444,2,5,4.53786563873291,-0.0006921188995859,0.001170739531517,-3.689663887023926,0.9485672576625144,0.9485911352794072,0.8998251419306746
14,57145.92319444445,57145.92569444444,2,6,4.151645660400391,-0.000641322298459,0.003094159066677,-3.6921706199646,0.942230312820454,0.942254063481276,0.8878427201469766
14,57145.92319444445,57145.92569444444,2,7,3.7572991847991934,-0.0098312895123967,-0.0118452124297618,-3.624213218688965,0.9432612762504738,0.9432340346206672,0.8896904440667819
14,57145.92319444445,57145.92569444444,2,8,3.860650062561035,-0.0168684039982597,-0.0122418366372585,-3.971282958984375,0.9473714642014748,0.947245373163604,0.8972737969798552
14,57145.92319444445,57145.92569444444,2,9,4.313426017761231,-0.0084063588371702,-0.0095370896160602,-3.676314353942871,0.9344195450754588,0.9344055003321232,0.8731136390509258
14,57145.92319444445,57145.92569444444,2,10,3.789928436279297,0.0037188192752353,0.0023257285356521,-4.984297752380371,0.93555762852786,0.9355740363807108,0.8752987775496955
14,57145.92319444445,57145.92569444444,2,11,3.711801528930664,-0.0051710413610919,-0.0102679952979087,-3.556137561798096,0.9354664027456826,0.9354759069725448,0.8751151725261052
14,57145.92319444445,57145.92569444444,2,13,3.8773231506347656,-0.0009930993256522,-0.0079446360468864,-3.76625919342041,0.9535976608050736,0.9536214017634796,0.909393777901344
14,57145.92319444445,57145.92569444444,2,14,4.114448547363281,-0.0050308458480717,-0.0056415870785713,-4.742612838745117,0.9401344944231212,0.9401449490658084,0.8838725252539514
14,57145.92319444445,57145.92569444444,2,15,4.026525497436523,-0.0122499261675899,-0.013551753014326,-4.187743186950684,0.945820888471762,0.9457656151062754,0.8944725987173515
14,57145.92319444445,57145.92569444444,2,16,4.659049034118652,-0.002031116172818,0.0018359050154685,-3.885311603546143,0.947876998131379,0.9478989344952268,0.898512390017186
14,57145.92319444445,57145.92569444444,2,17,5.86082649230957,0.0015131731018785,0.0032166838645935,-5.799054145812988,1.0725173672927035,1.0725435830552663,1.1503497375530292
14,57145.92319444445,57145.92569444444,2,18,5.178788185119629,0.003007693328403,-0.0084276683628559,-6.023944854736328,1.056030985308001,1.0560535659083934,1.1152491340678332
14,57145.92319444445,57145.92569444444,2,19,4.173161506652832,0.0029649085896472,0.0029181689023971,-5.237694263458252,0.9472359751892588,0.9472554311426608,0.8972928518292682
14,57145.92319444445,57145.92569444444,2,20,4.208284854888916,0.0083573742081779,0.0060149356722831,-4.78111743927002,0.9513947561556456,0.9513822495607288,0.9051281847792332
14,57145.92319444445,57145.92569444444,2,21,4.198116302490234,0.0060960381119766,0.0058378726243972,-3.6212809085845934,0.949796172170568,0.9498007698809872,0.902121502466516
14,57145.92319444445,57145.92569444444,2,22,3.948952198028565,-0.0025874892160911,-0.0040603876113891,-5.029766082763672,0.9587083848164756,0.9587292810914056,0.9191618344220432
14,57145.92319444445,57145.92569444444,2,23,4.06416130065918,-0.0013108329449122,0.0001151710748672,-4.240095138549805,0.9550911703323346,,0.9122438358153132
14,57145.92319444445,57145.92569444444,2,23,4.06416130065918,-0.0013108329449122,0.0001151710748672,-4.240095138549805,0.9550911703323346,,0.9122438358153132
14,57145.92319444445,57145.92569444444,2,24,4.235410690307617,-0.006854752109829,-0.007145918905735,-4.564082145690918,0.9623795209592684,0.962379589303908,0.9261744739087584
14,57145.92319444445,57145.92569444444,2,25,4.22220516204834,0.0019124825713901,0.0007943026721477,-4.343411445617676,0.9611044731261928,0.9611270193228556,0.9237651472724366
14,57145.92319444445,57145.92569444444,2,26,5.489591121673584,0.0043933852886065,0.0047228001058101,-5.185299873352051,0.9643143931146034,0.9643289154550992,0.9299302571828076
14,57145.92319444445,57145.92569444444,2,27,5.315099716186523,-0.0050765213380661,0.0034577883780002,-3.947837829589844,0.9610481788976232,0.96105921829096,0.923634821062031
14,57145.92319444445,57145.92569444444,2,29,5.8045196533203125,-0.0034866241246526,-0.0112234577536582,-5.482005596160889,0.957247790335826,0.9572657913581112,0.9163577953044706
14,57145.92319444445,invalid_time,2,30,5.361517906188965,-0.0033977261456267,-0.0164338164031505,-5.414859294891357,0.9625551800669376,-0.96257366903049,0.9265480683108194
14,57145.92319444445,57145.92569444444,2,31,5.493063926696777,-0.0099357763893495,-0.0064791440963745,-636.530065536499,0.9565948360388976,0.956567568157008,0.9150215124498122
14,57145.92319444445,57145.92569444444,2,32,8.016059875488281,-0.0035354152708579,-0.0029162690043449,-7.853253841400146,0.9754106957629312,0.9754291039577436,0.9514619368478068
14,57145.92319444445,invalid_time,2,33,6.240791320800781,-0.0021486355144218,-63.407414855309526,-7.523010730743408,0.9657769349685827,0.9657991127032652,0.9327679260984147
14,57145.92319444445,57145.92569444444,2,34,7.485441207885742,-0.0089364471357493,-0.0082628764212131,-6.045382022857666,0.9791825242771536,0.9791666523627128,0.958767333099202
14,57145.92319444445,57145.92569444444,2,35,7.425025939941406,0.0101671927559462,0.0078409686684608,-7.809956550598144,0.9820618503337348,0.982034199772178,0.964391169522182
14,57145.92319444445,57145.92569444444,2,36,8.02117919921875,0.0018309138436524,-0.0042072907090187,-8.218138694763184,0.9744662139987376,0.9744892828664852,0.9496293624216366
14,57145.92319444445,57145.92569444444,2,37,6.73991584777832,0.0038416429574256,-63.407414855309526,-7.837088108062744,0.9749639214689338,0.9749811593128912,0.9505882610151096
14,57145.92319444445,57145.92569444444,2,38,7.809249401092529,-0.0063760206066365,-0.0081521272659301,-7.843879699707031,0.976682632075095,0.976686665822458,-0.9539168431953896
14,57145.92319444445,57145.92569444444,2,38,7.809249401092529,-0.0063760206066365,-0.0081521272659301,-7.843879699707031,0.976682632075095,0.976686665822458,-0.9539168431953896
14,57145.92319444445,57145.92569444444,2,39,8.742823600769043,-0.0127732256345628,-0.0146256536245346,-8.005014419555664,0.9832519796217124,0.98319401927936,0.9666704795467028
14,57145.86170512482,57145.92569444444,2,40,8.30416488647461,0.0016654923824056,-0.0021896511316299,-8.654186248779297,0.9825965959767836,0.9826201814939828,0.9655424210792676
14,57145.92319444445,57145.92355254297,2,41,8.107109069824219,-0.0052258665502371,-0.0024159830063581,-8.793109893798828,0.9894774913899362,0.989488864271608,0.9790882125175168
14,57145.92319444445,57145.92569444444,2,42,7.850854396820068,0.0028904531951093,0.008069097995758,-6.896758079528809,0.995907694660171,0.9959288421494492,0.9918742586251428
14,57145.92319444445,57145.92569444444,2,44,8.598854064941406,0.0092077698026905,0.0118559673428535,-8.044662475585938,0.9929513268553896,0.9929338916025182,0.9859177130929212
14,57145.92319444445,57145.92569444444,2,45,7.842129707336426,0.0020113964387101,-63.407414855309526,-8.688251495361328,0.9979813223569592,0.9980046941276062,0.9960133695007368
14,57145.92319444445,57145.92569444444,2,46,7.855652809143066,-0.0056533723106606,-0.0070690074935555,-7.391063690185547,0.9981568860959024,0.9981662802779564,0.9963359230839316
14,57145.86170512482,57145.92569444444,2,47,8.385623931884766,-2.375365225382275e-05,0.0046793185174465,-8.623857498168945,0.9989864166546212,0.9990118446087892,-0.9980246656686556
14,invalid_time,57145.92569444444,2,48,8.791828155517578,-0.0014213255353025,-0.0013682097196578,-8.697504997253418,1.0108642860203814,,1.0218965895006935
14,57145.86170512482,57145.92569444444,2,49,8.649980545043945,-0.0004611360840072,0.0073512494564056,-8.81589126586914,1.0007453456345732,1.0007707059139648,1.001542005815535
14,57145.92319444445,57145.92569444444,2,50,7.993094444274902,-2.215902329524089e-05,0.0047538876533508,-7.9048967361450195,0.9888391370989044,0.9888642952710736,0.9778525944619572
14,57145.92319444445,57145.92569444444,2,51,8.541979789733887,0.0027220604050015,0.0043084099888801,-8.867463111877441,1.005403094933209,,1.0108794074630747
14,57145.86170512482,57145.92569444444,2,52,7.531054496765137,0.0021042502608232,0.0137924402952194,-7.82913875579834,1.0063453957685915,1.0063688086798184,var-error
14,57145.92319444445,57145.92569444444,2,53,7.488595008850098,0.0006971156668708,0.0035060876980423,-9.03608226776123,1.002896188894846,1.0029214613722135,1.005851457680977
14,57145.92319444445,57145.92569444444,2,54,8.203374862670898,-0.0130183766696466,-0.0156026566401124,-8.508975982666016,1.0006929108308225,1.0006336808264704,1.0012677632043308
14,57145.92319444445,57145.92569444444,2,55,7.31247615814209,0.0016675855946227,0.0049807652831077,-7.205418586730957,0.9891676061489216,-0.989191363401047,0.978499553427222
14,57145.92319444445,57145.92569444444,2,56,7.601823806762695,-0.0042716112646141,-0.0035721287131309,-7.884743690490723,0.9853967265608669,,0.971037863654771
14,57145.92319444445,57145.92569444444,2,57,8.396093368530273,-0.0066734595180003,-0.0068089216947555,-7.612984180450439,0.9930830876570078,,0.98621966300967
14,57145.86170512482,57145.92569444444,2,58,7.437019348144531,-0.0149061996960281,-0.0229002833366394,-7.984221935272217,0.9934560820132388,0.9933695169920754,0.9867829972890692
14,57145.92319444445,57145.92569444444,2,59,7.5040388107299805,0.002511487765052,-0.0045272000133991,-7.81683874130249,0.9949356527311372,-0.9949577950491938,0.9899410139291536
14,57145.92319444445,57145.92569444444,2,61,7.770374774932861,0.001418916929868,0.0007923319935798,-7.933526992797852,-0.9940866970135738,0.9941109724070964,0.9882566254601828
14,57145.92319444445,57145.92569444444,2,62,6.677860260009766,-748.2842277231209,-0.0035990658216178,-8.215578079223633,0.9762351773749028,0.9762590677652796,0.953081767393933
14,57145.92319444445,57145.92569444444,2,63,8.410024642944336,0.0040626449817262,3.823079168796539e-05,-8.536806106567383,1.0067836611045402,1.00680108020105,1.0136484150940008
14,57145.86170512482,57145.92569444444,2,65,8.241996765136719,-0.0031966963177632,-0.0046373754739761,-8.684920310974121,1.003964189200816,1.0039846443371347,var-error
14,57145.86170512482,57145.92569444444,2,65,8.241996765136719,-0.0031966963177632,-0.0046373754739761,-8.684920310974121,1.003964189200816,1.0039846443371347,var-error
14,57145.86170512482,57145.92569444444,2,66,7.139692306518555,-0.00563934930587,-63.407414855309526,-8.810330390930176,0.9944326452365556,0.9944419604312756,0.9889148126663988
14,57145.92319444445,57145.92569444444,2,67,6.1769208908081055,-0.0030080222905978,0.0024582147598266,-6.91055154800415,0.9704350919358494,0.9704551162867916,0.9417831327272104
14,57145.92319444445,57145.92569444444,2,68,681.7049980163574,0.0057107840365457,0.0100423991680145,-6.3180036544799805,0.976739951188794,0.976748103830808,0.9540368583370789
14,57145.92319444445,57145.92569444444,2,69,7.061753273010254,0.0102729679664683,-63.407414855309526,-7.83806848526001,0.9844505303322564,0.9844219738799812,0.969086622657758
14,57145.92319444445,57145.92569444444,2,70,7.476301193237305,8.947765785877207e-05,-0.0096861831843853,-7.022761344909668,0.9808058122409928,0.9808307609232608,0.9620289815733032
14,57145.92319444445,57145.92569444444,2,71,8.042309761047363,0.0004377377630786,0.0016188919544219,-7.786168575286865,0.9816930772748657,0.98171795374465,0.963770140704583
14,57145.92319444445,57145.92569444444,2,72,7.037844181060791,0.0015591437085753,0.0022471379488706,-9.03553867340088,0.985798062823986,0.9858219070368062,0.9718448323936852
14,57145.92319444445,57145.92569444444,2,73,6.236682891845703,0.005558032788138,0.0002232901751995,-6.870604991912842,0.9732979119699686,,0.9473261289816152
14,57145.92319444445,57145.92569444444,2,74,6.592323303222656,-0.000599312888237,0.0034027844667434,-7.940003871917725,0.967936367873466,0.9679608064300624,0.9369481227847364
14,57145.92319444445,57145.92569444444,2,75,6.049666404724121,-0.0033474396155122,-5.392730236053467e-05,-7.065618515014648,0.9748285638108865,0.9748476169989684,var-error
14,57145.86170512482,57145.92569444444,2,76,4.763243675231934,-0.0002883807779223,-0.0076638907194137,-6.30021858215332,0.968987822686761,0.9690124293660376,0.93898508826587
14,57145.92319444445,57145.92569444444,2,77,5.56041431427002,0.0075466468985491,0.002452440559864,-7.861063003540039,0.9754504134737616,0.9754460336796904,0.9514949646214396
14,57145.92319444445,57145.92569444444,2,77,5.56041431427002,0.0075466468985491,0.002452440559864,-7.861063003540039,0.9754504134737616,0.9754460336796904,0.9514949646214396
14,57145.92319444445,57145.92569444444,2,79,5.798346519470215,-0.0092639628569202,-0.0029241815209388,-6.107266902923584,0.9688367699328432,0.9688171227974318,0.938606617425494
14,57145.92319444445,57145.92569444444,2,80,4.814447402954102,0.0032860756263307,-0.0034404713660478,-5.489019393920898,0.9602973702112793,0.9603161762033132,
14,57145.92319444445,57145.92569444444,2,81,5.60551643371582,-0.0015155538822962,0.0057445913553237,-6.51383638381958,0.9678165845953332,0.9678400177208228,0.9367142999018424
14,57145.86170512482,57145.92569444444,2,82,5.107976913452148,-0.0091037862669501,-63.407414855309526,-5.8430891036987305,0.9638918012949292,0.9638733273808956,0.9290517912363192
14,57145.92319444445,57145.92569444444,2,84,5.428433418273926,-0.0010914739450564,-0.0124569069594144,-6.484081745147705,0.963319207841804,0.9633430948789138,0.928029918450884
14,57145.92319444445,57145.92569444444,2,85,5.1408796310424805,0.0036633603274727,0.0038640946149826,-6.203595161437988,0.9672013842060884,0.9672190505035816,-0.93551269165705
14,57145.92319444445,57145.92569444444,2,86,6.132819175720215,0.0089738183326683,0.0040459260344505,-5.682296752929688,,0.966244667340042,var-error
14,57145.92319444445,57145.92569444444,2,87,5.062516212463379,-0.0041907839798779,-0.0007492378354072,-5.810122489929199,0.9650408670349808,0.9650563165050564,0.9313336940263076
14,57145.92319444445,57145.92569444444,2,88,7.194076061248779,-0.000812461304476,-0.0021231174468994,-5.610925674438477,0.9686415499345612,0.9686658499785912,0.9383135289147466
14,57145.92319444445,57145.92569444444,2,89,4.432651042938232,0.0040670595005117,3.024190664291382e-05,-4.118537902832031,0.958041743803119,0.9580574819862488,0.9178741387898312
14,57145.92319444445,57145.92569444444,2,90,4.817440986633301,0.0010068788147017,-0.0019489079713821,-4.08446216583252,0.9573689337190694,0.957392758256776,0.9166008935625176
14,57145.92319444445,57145.92569444444,2,91,5.979193210601807,-0.0023260163535592,0.005495861172676,-5.999411582946777,0.979068431557382,0.97909057450147,0.9586183530776188
14,57145.92319444445,57145.92569444444,2,92,6.272944450378418,0.0061358045699438,0.0120935328304767,-5.282680988311768,0.9680240530563295,0.9680292315941288,-0.9370805932207192
14,57145.92319444445,57145.92569444444,2,94,4.1029582023620605,-0.0001175652511018,0.0042362511157989,-4.248995780944824,0.9543715118807024,0.9543957824152732,0.9108713094920612
14,57145.86170512482,57145.92569444444,2,95,5.693206787109375,0.0025905869317161,0.0093109607696533,-5.324697017669678,0.9703332266450888,0.9703544522060648,0.9415877629161324
14,57145.86170512482,57145.92569444444,2,95,5.693206787109375,0.0025905869317161,0.0093109607696533,-5.324697017669678,0.9703332266450888,0.9703544522060648,0.9415877629161324
14,57145.92319444445,57145.92569444444,2,96,5.58619499206543,0.0063714516995604,0.0084405895322561,-5.480099201202393,0.9578492229347282,0.9578523974931588,0.917481215383392
14,57145.92319444445,57145.92569444444,2,97,4.8035888671875,-0.0059099108245872,0.0040264427661895,-4.580140113830566,0.9561816570668868,0.9561877164381746,0.914294949067251
14,57145.92319444445,57145.92569444444,2,97,4.8035888671875,-0.0059099108245872,0.0040264427661895,-4.580140113830566,0.9561816570668868,0.9561877164381746,0.914294949067251
14,57145.92319444445,57145.92569444444,2,98,6.264227867126465,-0.0065427949358502,-0.0098936585709452,-5.620967864990234,0.9669034701752176,0.96690592919701,0.9349070759163332
14,57145.92319444445,57145.92569444444,2,99,5.293685436248779,0.001238068450685,0.0019942820072174,-6.946682929992676,-0.967642199883773,0.9676660231903362,-0.9363775324370004
14,57145.92319444445,57145.92569444444,2,100,5.825527667999268,-0.0025800021740448,1.0114163160324097e-06,-5.479464530944824,0.9685069699617528,0.9685281707998118,0.9380468176328294
14,57145.92319444445,57145.92569444444,2,101,5.557160377502441,-0.0049918549167356,-0.0010298267006874,-5.059886455535889,0.95214837365104,0.9521595089821876,0.9066077305452008
14,57145.92319444445,57145.92569444444,2,102,4.498991012573242,-0.0013826738384021,-0.0043422430753707,-4.901968955993652,0.9646671821918876,0.9646907309435558,0.930628206368412
14,57145.92319444445,57145.92569444444,2,103,6.000672340393066,0.0031476680973623,0.01108143851161,-6.639090538024902,0.9764482433658626,0.9764680092038392,0.9534897729985088
14,57145.92319444445,57145.92569444444,2,104,5.650200843811035,-0.0126346268257918,-0.0180686339735984,-5.516242980957031,-0.9556598020173392,0.955600586591077,0.9131724810932106
14,57145.92319444445,57145.92569444444,2,105,5.33449649810791,-0.007563160560324,-0.0202915258705616,-4.25444221496582,0.9676673697073358,0.967662428173826,0.936370574899265
14,57145.92319444445,57145.92569444444,2,106,7.033139228820801,-0.0071181850858475,-0.0066542103886604,-7.134443759918213,0.9787455814492722,0.9787445938259998,0.9579409799436212
14,57145.92319444445,57145.92569444444,2,107,5.66710901260376,0.0019324373724022,0.0062895640730857,-8.142053604125977,0.9683765670089896,0.9683992728702908,0.9377971516957082
14,57145.92319444445,57145.92569444444,2,108,4.83267879486084,-0.015764157360459,-0.0164424739778041,-6.18605375289917,0.9535175693019372,0.9534115016089778,0.908993491400286
14,57145.92319444445,57145.92569444444,2,109,4.596659183502197,-0.0048859447856452,0.0028375163674354,-5.546043872833252,0.9638273753469718,0.9638395090741302,0.9289865992522603
14,57145.92319444445,57145.92569444444,2,110,5.481516361236572,-0.0030674756620489,-63.407414855309526,-7.257287979125977,0.9592673560716284,0.9592868537774624,0.9202312678302622
14,57145.92319444445,57145.92569444444,2,111,6.239201545715332,-0.000245120288883,-0.0007605999708175,-7.35589599609375,0.9638065032981068,0.963830989915122,0.928970177120764
14,57145.92319444445,57145.92569444444,2,112,7.079578399658203,-0.0027178529526119,-0.0015741735696792,-7.64351749420166,0.9712173918618444,0.9712382952501322,0.943303826160383
14,57145.92319444445,57145.92569444444,2,113,8.65385627746582,-0.0014769927617062,0.0106197074055671,-6.821512699127197,0.964438962076353,0.9644623649513084,0.9301876534074708
14,57145.92319444445,57145.92569444444,2,114,8.334609985351562,0.005225311052689,-0.0019161030650138,-8.494403839111328,0.9646268934434304,0.9646372803277924,0.9305250825981998
14,57145.92319444445,57145.92569444444,2,115,6.346100807189941,0.0008958036080097,-0.0139706544578075,-7.748124122619629,0.9654008683354808,0.9654250110591512,0.932045451978562
14,57145.92319444445,57145.92569444444,2,116,6.458750247955322,0.001653360321527,0.009836621582508,-6.871320724487305,0.9602525245787954,0.9602755285458398,0.922129090723992
14,57145.92319444445,57145.92355254297,2,117,8.375633239746094,0.0001528513248169,0.0044285338371992,-8.577535629272461,0.9670015554287742,0.9670261424133364,0.9351395601108188
14,57145.86170512482,57145.92569444444,2,118,8.681803703308105,-0.0021626803398676,-0.0010511167347431,-7.854611396789551,0.973581274388334,0.9736036412357388,0.9479040502274892
14,57145.92319444445,57145.92569444444,2,119,6.099320411682129,0.0066531960621035,0.0104409735649824,-7.121225357055664,0.970794536159587,0.970796432519744,0.942445713393062
14,57145.92319444445,57145.92569444444,2,120,7.700716972351074,0.0096497679905857,0.0066146254539489,-8.573206901550293,0.9751577299522772,0.9751347902689564,0.9508878591928818
14,57145.92319444445,57145.92569444444,2,121,7.485452651977539,0.0016098574457192,-0.0132967084646224,-7.174319267272949,0.9666528185320274,0.9666760681677524,-0.9344626207682648
14,57145.92319444445,57145.92569444444,2,122,6.118982315063477,0.0012148921083246,-0.0009383112192153,-6.484531879425049,0.9626272537087824,0.9626509748460004,0.9266968993719548
14,57145.92319444445,57145.92569444444,2,123,6.341667175292969,-0.0093186228321385,-0.0106685683131217,-6.761390686035156,0.965114996425912,0.965094557542882,0.9314075049988912
14,57145.92319444445,57145.92569444444,2,124,7.1338210105896,0.0015881652018911,0.0047228718176484,-7.379083633422852,0.9672935633879242,0.9673168660711589,0.935701919385728
14,57145.92319444445,57145.92569444444,2,125,6.56186580657959,0.0024749697050779,-63.407414855309526,-6.485046863555908,0.9717937438560011,0.9718153131087538,0.9444250027926652
14,57145.92319444445,57145.92569444444,2,127,7.792765140533447,-0.004221211136699,-0.003003105521202,-8.838983535766602,0.9775988711754772,0.9776146273478944,0.9557303596045624
14,57145.92319444445,57145.92569444444,2,128,7.756327152252197,0.0009401758883423,0.0055505260825157,-8.678964614868164,0.9800538054748956,0.98007828559791,0.9605534459005386
16,57145.92800925926,57145.93050925926,2,-10,4.944063186645508,-0.006813183337797,-0.0017521008849143,-5.503151893615723,0.9632766367694798,0.9632823727348886,0.9279129296217568
16,57145.866519939635,57145.93050925926,2,-10,6.876150608062744,-0.0074060063057107,-0.0011883098632097,-5.946256637573242,0.9630522439217616,0.9630535906381308,-0.9274722184409964
16,57145.92800925926,57145.93050925926,2,0,3.810814380645752,-0.0076210985376542,-0.0120953880250453,-3.260159730911255,0.9282420829108224,-0.928239542456612,0.8616286481800602
16,57145.92800925926,57145.93050925926,2,2,4.019570827484131,-0.0033960736743544,0.0014119558036327,-4.097847938537598,0.9292169699518308,0.9292395405969808,0.8634861238088878
16,57145.92800925926,57145.93050925926,2,4,5.599112987518311,-0.0054963789908539,-0.0086727514863014,-6.623927116394043,0.9620744442451588,-0.9620885374375516,-0.925614353868727
16,57145.92800925926,57145.93050925926,2,4,5.599112987518311,-0.0054963789908539,-0.0086727514863014,-6.623927116394043,0.9620744442451588,-0.9620885374375516,-0.925614353868727
16,57145.92800925926,57145.93050925926,2,5,4.479678630828857,0.0028062290649883,0.0054485946893692,-3.916964054107666,-0.9427189434674732,0.942743961553646,0.8887661770458621
16,57145.92800925926,57145.93050925926,2,6,3.4462406635284424,0.0079152478036321,0.0094373226165771,-3.4212875366210938,0.92427283007644,0.9242675599531248,0.8542705223817032
16,57145.92800925926,57145.93050925926,2,7,3.690132141113281,-0.0047233664522045,-0.0060172602534294,-3.937833070755005,0.9465387026804036,0.9465562303229628,0.8959686971632179
16,57145.92800925926,57145.92836735779,2,8,3.590301990509033,0.0070053320474969,0.0065619796514511,-3.653376817703247,0.9390354953338932,0.9390384446574348,0.8817932005446542
16,57145.92800925926,57145.93050925926,2,9,3.793245792388916,-0.0044840485832719,0.0067110732197761,-5.390646934509277,0.9357166390954624,0.935734872772693,0.8755997521229278
16,57145.92800925926,57145.93050925926,2,10,4.224689960479736,0.0003302457254293,0.0068661458790302,-4.042949199676514,0.939141299944576,0.9391703260141055,0.8820409012654413
16,57145.92800925926,57145.93050925926,2,11,4.163463592529297,0.0076713695769793,0.0021441280841827,-3.934669733047485,0.9339088549472436,0.9339062682235504,0.8721809178272382
16,57145.92800925926,57145.93050925926,2,12,4.092665195465088,0.0166374734521769,0.0186411663889884,-3.507841348648072,0.9321324752550036,0.9320128461977356,0.8686479454776043
16,57145.92800925926,57145.93050925926,2,13,3.62907648086548,0.0103530621701011,0.0010623931884765,-3.693934917449951,0.933362311301782,0.933333793691602,0.8711119704467577
16,57145.92800925926,57145.93050925926,2,14,3.821637630462648,-0.0017497266782799,0.0011136047542095,-3.57578992843628,0.9341238556281704,0.934151145603069,0.8726383628315263
16,57145.92800925926,57145.93050925926,2,15,3.688283920288086,-0.0003560705367227,-0.0102896243333816,-3.822518110275269,0.9305577899533608,0.9305865401421411,0.865991308693721
16,57145.92800925926,57145.93050925926,2,16,3.492996454238892,-0.0117303044416396,-0.0142262503504753,-3.773813247680664,0.9371912171488872,0.937146824875878,0.8782441713749394
16,57145.92800925926,57145.93050925926,2,17,5.476963043212891,-0.0090420151008349,-0.0131699293851852,-6.03113317489624,1.0207298006845869,,1.0418720961547967
16,57145.92800925926,57145.93050925926,2,18,4.997897148132324,-0.0179185218462796,-0.0144604854285717,-5.194533348083496,1.0128558622280497,1.0127287128374982,1.025619445805496
16,57145.92800925926,57145.93050925926,2,19,4.261105537414551,0.0007295646995677,-63.407414855309526,-4.195791244506836,0.9393232596715771,0.9393520661105756,0.8823823041062072
16,57145.92800925926,57145.93050925926,2,20,5.4102067947387695,-0.0004358076897172,0.0081090992316603,-3.863590955734253,0.9405377178926246,0.9405667443032094,0.8846658004891389
16,57145.92800925926,57145.93050925926,2,21,3.507068395614624,-0.0010751438215,0.0061532519757747,-4.420656204223633,0.9367890733136084,0.9368174676186,0.8776269676353269
16,57145.92800925926,57145.93050925926,2,22,3.636456489562988,0.0022498723037013,0.0062450394034385,-3.7643110752105713,0.9464061674729338,0.9464328022191666,0.8957350491164242
16,57145.92800925926,57145.93050925926,2,23,4.917547225952148,0.0258095389910716,0.0201570242643356,-4.416627883911133,0.9476386486269148,0.9473164502539644,0.897408456921772
16,57145.92800925926,57145.93050925926,2,24,4.325488567352295,0.0092761547329031,0.0079371929168701,-6.90040922164917,0.9508637029213806,0.9508479008265186,0.904111730506197
16,57145.92800925926,57145.93050925926,2,25,4.302061080932617,-0.0084234048881441,-0.018234422430396,-4.57466983795166,0.9449213905218624,0.9449131069624552,var-error
16,57145.92800925926,57145.93050925926,2,26,4.518136978149414,-0.0051103565206495,-0.0106692165136337,-5.63764762878418,0.9537129506544276,0.9537287939193464,0.9095986123508512
16,57145.92800925926,57145.93050925926,2,28,5.392937660217285,-0.001025232151183,-0.0003924407064914,-7.25929069519043,0.955105215463712,0.9551342437129684,0.9122814235131442
16,57145.92800925926,57145.93050925926,2,29,5.973000526428223,0.0004175295220897,0.0088881999254226,-5.415914535522461,0.9638759916751112,0.9639057532304698,0.9291143011107992
16,57145.92800925926,57145.93050925926,2,30,4.302629470825195,0.0058837654158183,-0.0027862414717674,-5.989275932312012,0.9590086238263384,0.9590202732924258,0.9197198845858788
16,57145.92800925926,57145.93050925926,2,31,6.611075401306152,0.0031499633902173,0.0046224743127822,-5.423322677612305,0.9600814171599086,0.9601059822033694,0.9218034970626966
16,57145.92800925926,57145.93050925926,2,32,7.84609842300415,0.0024509425944461,0.0047869980335235,-7.82907772064209,0.9638353647042708,0.9638620990767198,0.9290301460365804
16,57145.92800925926,57145.93050925926,2,33,6.243096351623535,-0.0039994091332068,-0.0107236821204423,-6.575623035430908,0.9582167519553748,0.9582380801663828,0.9182202182809552
16,57145.92800925926,57145.93050925926,2,34,5.334674835205078,0.0001460422352085,-0.0130413547158241,-5.249560356140137,0.9586088229442415,0.9586384988424754,0.9189877714629548
16,57145.92800925926,57145.93050925926,2,35,6.952061653137207,0.0006642402258177,0.0029913187026977,-7.402408599853516,0.9556679752902526,0.9556973403903852,0.913357406429256
16,57145.92800925926,57145.93050925926,2,36,7.670133113861084,-748.2842277231209,-0.0149082913994789,-6.317310333251953,0.95914547828902,0.9591735712758568,0.9200139398340808
16,57145.92800925926,57145.93050925926,2,36,7.670133113861084,-748.2842277231209,-0.0149082913994789,-6.317310333251953,0.95914547828902,0.9591735712758568,0.9200139398340808
16,57145.92800925926,57145.93050925926,2,37,7.820554733276367,-0.004198820540624,-0.0132817402482032,-7.76430606842041,0.9662257573764635,0.966246556786546,0.933632408501856
16,57145.92800925926,57145.93050925926,2,38,6.796661853790283,0.0078989555760433,0.0049046725034713,-6.968985557556152,0.9643883635213816,0.9643858810946768,0.930040127654756
16,57145.866519939635,57145.93050925926,2,39,6.570600509643555,0.0119203182244086,0.0088584348559379,-5.935455322265625,0.9514612089780649,0.9514159979494076,0.9051924011540674
16,57145.92800925926,57145.93050925926,2,41,7.5895256996154785,-0.0002836084636923,-0.0070778727531433,-5.764300346374512,0.9660154138161194,0.9660452885800044,0.933243499587624
16,57145.92800925926,57145.93050925926,2,42,7.475113868713379,0.0014722013799778,-0.0069332495331764,-6.11157751083374,0.9717058866791972,0.9717348640251006,0.9442686459618808
16,57145.92800925926,57145.93050925926,2,43,7.305261611938477,0.0095127639086161,-0.003933185711503,-5.890782356262207,0.977376083291758,0.9773600553025188,0.9552326777009428
16,57145.92800925926,57145.93050925926,2,44,7.540017127990723,-0.0073361305569717,-0.0069907158613204,-4.4502716064453125,0.9802460934751808,0.9802489976616828,0.960888097416734
16,57145.92800925926,57145.93050925926,2,45,7.005288124084473,-0.0091715447360548,-0.0131647735834121,-5.733875274658203,0.9782006853009768,0.9781879808877928,0.9568517259533368
16,57145.92800925926,57145.93050925926,2,46,7.6998395919799805,-748.2842277231209,-0.0131140314042568,-7.108226776123047,0.9991852732286238,0.9992149439453224,0.998430504203654
16,57145.92800925926,57145.93050925926,2,47,7.79443359375,-0.0031599417925201,-0.0048865396529436,-6.991358280181885,0.9846130145090614,0.9846384360444757,0.969512849736111
16,57145.92800925926,57145.93050925926,2,48,6.800216197967529,0.0045230101499137,-0.0012300014495849,-5.531198501586914,0.9829189700661892,0.9829390030043268,0.9661690836271404
16,57145.92800925926,57145.93050925926,2,49,6.618242263793945,0.0003719172191516,0.0023306980729103,-6.877823829650879,0.9814136805628834,0.9814440033533676,0.9632323317182852
16,57145.92800925926,57145.93050925926,2,50,6.089446067810059,0.009232541379238,-0.0020439624786376,-5.096292495727539,0.9836162087751632,0.9836033381354724,-0.9674755267912446
16,57145.92800925926,57145.93050925926,2,51,5.57651424407959,0.0029055501049884,0.0032787397503852,-6.685812950134277,0.9783575904777404,0.9783835744680603,0.9572344187888988
16,57145.92800925926,57145.93050925926,2,52,7.069084167480469,0.0087472775267331,0.0158598870038986,-7.801724433898926,0.9904802717494392,0.9904723187129304,0.9810354141365688
16,57145.92800925926,57145.93050925926,2,53,5.450349807739258,0.0084690147778163,0.0114245973527431,-6.646856307983398,0.9812181097397376,0.9812119465775704,0.9627768841065448
16,invalid_time,57145.93050925926,2,54,446.40092849731445,0.0092265121442081,0.0070730224251747,-6.086771965026856,0.96038792773517,0.9603733475951144,0.9223169667710462
16,57145.92800925926,57145.93050925926,2,56,5.358684062957764,-0.0105955946957375,-0.0080886185169219,-4.248942852020264,0.9695733058679844,0.9695454340643858,0.9400183487150984
16,57145.92800925926,57145.93050925926,2,57,7.00547456741333,-0.009242618937026,-63.407414855309526,-6.720697402954102,0.9621077358551522,0.9620931335979652,0.9256231977163522
16,57145.92800925926,57145.93050925926,2,58,6.200737953186035,-0.0063937771824293,-0.0138721130788326,-5.974367141723633,0.9701263694096588,-0.9701353426174916,var-error
16,57145.92800925926,57145.93050925926,2,58,6.200737953186035,-0.0063937771824293,-0.0138721130788326,-5.974367141723633,0.9701263694096588,-0.9701353426174916,var-error
16,57145.92800925926,57145.93050925926,2,59,5.681192398071289,-0.0054326395888449,-0.0043767988681793,-7.429434776306152,0.9636737975461684,0.9636883277785144,0.9286951930965492
16,57145.92800925926,57145.93050925926,2,60,5.7920823097229,0.0001266936248517,0.0037260763347148,-7.684313774108887,0.9726653883182904,,0.9461365404006268
16,57145.92800925926,57145.93050925926,2,61,7.184701442718506,0.0065130201314522,0.0096633955836296,-6.4842376708984375,0.9701869107978088,0.9701950939841832,0.941278520390978
16,57145.92800925926,57145.93050925926,2,62,5.66240930557251,-0.0054279237463133,-0.0165653936564922,-5.45784854888916,0.9639780664598347,0.96399263751523,0.9292818051835698
16,57145.92800925926,57145.93050925926,2,63,7.228558540344238,-0.0071002238832814,0.0011951848864555,-7.729854583740234,0.970975866862075,,0.9428021131516634
16,57145.92800925926,57145.93050925926,2,63,7.228558540344238,-0.0071002238832814,0.0011951848864555,-7.729854583740234,0.970975866862075,,0.9428021131516634
16,57145.92800925926,57145.93050925926,2,64,7.70467472076416,0.008797921968441,0.0039596520364284,-8.541123390197754,0.9923250040933156,0.9923167322455876,0.9846924970945612
16,57145.92800925926,57145.93050925926,2,65,7.210177421569824,-0.0034444240830579,-0.0045663956552743,-6.903727054595947,0.9809433629125044,0.9809676941358076,0.9622976169381234
16,57145.92800925926,57145.93050925926,2,66,6.063816547393799,0.0001116862569777,-0.0025177374482154,-7.281313896179199,0.9754962474140452,0.9755264510277754,0.9516518566548464
16,57145.92800925926,57145.93050925926,2,67,5.014578819274902,0.0053463855889938,0.0125735402107238,-6.6086530685424805,0.9553230862762372,0.9553377106640332,0.912670141416796
16,57145.92800925926,57145.93050925926,2,68,5.79909086227417,-0.0065393174629906,-0.0080788359045982,-5.380884170532227,0.9568493193584678,0.9568566053762264,0.9155745632521156
16,57145.92800925926,57145.93050925926,2,69,5.553064823150635,-0.0131533422842934,-0.0038416609168052,-5.827816486358643,0.9594213991879798,0.9593609404133948,0.920373413990873
16,57145.92800925926,57145.93050925926,2,70,5.8261260986328125,-0.0042890335101979,-0.012267492711544,-5.395087718963623,0.9692465160330718,0.9692670424061648,0.939478599494794
16,57145.866519939635,57145.93050925926,2,71,6.2259063720703125,-0.0094730900745332,-0.0023431628942489,-6.592517852783203,0.9710861442997158,0.9710700094982574,0.9429769633469456
16,57145.92800925926,57145.93050925926,2,72,4.366707801818848,-0.0126693440226532,-0.0136042907834053,-6.562894821166992,0.958820858392639,0.958766842781379,0.9192338588169736
16,57145.92800925926,57145.93050925926,2,73,4.278408527374268,0.001139543823428,-0.00448440015316,-4.671126365661621,0.9603509297640398,0.9603799946308812,0.9223297340872116
16,57145.92800925926,57145.93050925926,2,74,4.784333229064941,0.0042667448449193,-0.0010874941945075,-5.207965850830078,0.9574352069062276,0.9574553500132328,0.916720747268962
16,57145.92800925926,57145.92836735779,2,75,6.296576499938965,-0.0028172106234404,-0.009684570133686,-6.353263854980469,0.961857456188152,0.9618831179785732,0.9252191326521816
16,57145.92800925926,57145.93050925926,2,76,5.16429615020752,0.0030788456446092,0.0062875021249055,-5.75759220123291,0.9511208702408304,0.951145341982552,0.9046774615751058
16,57145.92800925926,57145.93050925926,2,77,5.329251766204834,-748.2842277231209,-0.0039690136909484,-4.8212890625,0.9577952142909604,0.9578030066594472,0.9173865995658768
16,57145.92800925926,57145.93050925926,2,78,4.963788032531738,0.0014741751243223,0.0032766573131084,-5.20651912689209,0.9602736748955732,0.960302281893237,0.922180472609358
16,57145.92800925926,57145.93050925926,2,79,5.898687839508057,0.0014957143729533,0.0030133426189422,-5.155447959899902,0.9610863560514362,0.9611149558930576,0.923741958441314
16,57145.92800925926,57145.93050925926,2,80,4.772205352783203,0.0085402592459653,0.0033822804689407,-4.7685980796813965,0.9514419525317492,0.9514330864406576,0.905224917973996
16,57145.92800925926,57145.93050925926,2,81,5.332024574279785,0.0105058100308946,0.0176473781466484,-4.932063102722168,0.962644458812734,0.9626169398096333,0.9266313728084632
16,57145.92800925926,57145.93050925926,2,82,4.562805652618408,0.0054880847979247,0.0094080045819282,-4.570315837860107,0.9548403456590596,0.9548541435723552,0.911746435497296
16,57145.92800925926,57145.93050925926,2,83,4.305859565734863,0.003375211616275,0.0097797159105539,-4.263453006744385,0.9552615533002812,0.9552851736662747,0.9125697630266048
16,57145.92800925926,57145.93050925926,2,84,4.404343605041504,-0.0056522757011764,-0.0207011438906192,-5.69450044631958,0.9556076269730428,0.955620504207481,0.9132105480617604
16,57145.92800925926,57145.93050925926,2,85,4.985701560974121,-748.2842277231209,0.0093264132738113,-5.929852485656738,0.9538633139457487,0.9538499647064204,0.9098297551704396
16,57145.92800925926,57145.93050925926,2,86,5.33921480178833,0.0012029652610602,0.0113639887422323,-4.963266372680664,0.9639597153437676,0.9639888174393888,0.9292744401481912
16,57145.92800925926,57145.93050925926,2,87,4.705777645111084,0.005391986185571,0.0069194659590721,-5.912539005279541,0.9632584385411336,0.963273177739086,0.9278952149515566
16,57145.92800925926,57145.93050925926,2,88,550.1152992248535,-0.0025651580389904,-0.0017215516418218,-5.397541046142578,0.9550401887538804,0.9550663202477204,0.9121516760715216
16,57145.92800925926,57145.93050925926,2,89,3.6679821014404297,0.012992534162697,0.0182141885161399,-4.019137859344482,0.9470662999165728,0.9470065020803232,0.8968213149824091
16,57145.92800925926,57145.93050925926,2,90,3.776364326477051,0.0112350670844948,0.0119132995605468,-5.606419086456299,0.952089551426899,0.952052742877748,0.9064044252210436
16,57145.92800925926,57145.93050925926,2,91,5.833008766174316,-0.0047476939324693,-0.0057251080870628,-5.342177867889404,0.957177196471902,0.9571950642055526,0.916222390939472
16,57145.92800925926,57145.93050925926,2,92,4.340281486511231,-0.0067639304069456,-0.0109084546566009,-4.268528938293457,0.9555407853693356,0.9555464366192722,0.9130689925357888
16,57145.92800925926,57145.93050925926,2,93,4.02925968170166,0.0013033559300844,-0.0083813518285751,-4.099884033203125,0.9467373825496928,0.9467658047466488,0.8963654890375694
16,57145.92800925926,57145.93050925926,2,94,3.993854761123657,0.0071275199757823,0.006638515740633,-4.941958427429199,0.9395193867820424,0.9395214454813756,0.8827005465194137
16,57145.92800925926,57145.93050925926,2,95,3.92569351196289,0.0050491619755434,0.0005672089755535,-4.055498600006104,0.9398958333774838,0.9399113782021744,var-error
16,57145.92800925926,57145.93050925926,2,96,3.886009931564331,-0.0016260901403716,-0.0050186868757009,-4.380634307861328,0.9491588265722984,0.9491868279944174,0.9009556344381038
16,57145.92800925926,57145.93050925926,2,97,3.826912879943848,-748.2842277231209,-0.0060867294669151,-4.681076526641846,0.9458932980583106,-0.9458955655059084,0.8947184208437424
16,57145.92800925926,57145.93050925926,2,98,4.469431400299072,-0.0166819785634876,-0.0229157730937004,-4.911642074584961,0.9500250266042414,0.9499079682439532,0.9023251481333552
16,57145.866519939635,57145.93050925926,2,99,4.649631500244141,-0.0093449429959813,-0.0098711736500263,-5.107123374938965,0.9520231034567272,0.9520067195905288,0.9063167941455196
16,57145.92800925926,57145.93050925926,2,100,6.336544990539551,-0.0151490561028052,-0.0170920938253402,-4.717404842376709,0.9630605692568904,0.9629712348664352,0.9273135991801872
16,invalid_time,57145.93050925926,2,101,5.623619079589844,-748.2842277231209,-0.001142993569374,-4.943709373474121,0.9516419334592808,0.9516338534414174,0.9056069910157613
16,57145.92800925926,57145.93050925926,2,102,3.829057693481445,-748.2842277231209,0.0002229921519756,-4.309479713439941,0.9420478684716704,0.9420765846870238,0.8875082914155671
16,57145.866519939635,57145.93050925926,2,103,5.1929426193237305,-0.0067256523942152,-0.0119715202599763,-5.685401916503906,0.9550258071591669,0.9550316999013684,0.9120855478164976
16,57145.92800925926,57145.93050925926,2,104,3.7742340564727774,-0.001791579014877,-0.0016076527535915,-4.418927192687988,0.9564228588490752,0.9564508001218957,0.914798133053814
16,57145.92800925926,57145.93050925926,2,105,4.315601348876953,0.0021058863326981,-0.001455582678318,-3.808013439178467,0.938796081727992,0.9388227931585432,0.881388236954009
16,57145.92800925926,57145.93050925926,2,106,5.466792583465576,-0.0011877870021704,-0.0079970508813858,-5.655384540557861,0.9533976871017084,0.9534264728187416,0.9090220390715869
16,57145.92800925926,57145.93050925926,2,107,3.5951743125915527,-0.0025939617948448,0.0007272437214851,-3.9956374168396,0.9527608746886904,0.952786849365492,0.9078027803238206
16,57145.92800925926,57145.93050925926,2,108,3.819556951522827,-0.0030858108151907,-0.0011380016803741,-4.783809661865234,0.9412632723472442,0.9412873638109456,0.8860219012701593
16,57145.92800925926,57145.93050925926,2,109,3.9521946907043457,-0.0018069271671264,-0.0044028162956237,-3.8741047382354736,,0.9523029643800376,0.9068809359670068
16,57145.92800925926,57145.93050925926,2,110,4.035234928131104,-0.0029388241489241,-0.005576629191637,-4.323972225189209,0.9522149405496128,0.9522398943589347,0.9067608164087154
16,57145.92800925926,57145.93050925926,2,111,5.016929626464844,-748.2842277231209,0.0098198279738426,-4.784802913665772,0.9555704330081244,0.9555839238027856,0.913140635430328
16,57145.92800925926,57145.93050925926,2,112,4.53072452545166,-0.0018834286142061,-0.0086745619773864,-3.743686199188232,0.9465774922275896,0.9466049328420928,0.896060898880983
16,57145.92800925926,57145.93050925926,2,115,4.771916389465332,0.0078207032187895,0.0071237161755561,-3.8923957347869873,0.9456739998103278,0.9456709461803784,0.894293538449692
16,57145.92800925926,57145.93050925926,2,116,4.463919639587402,0.0106789089898408,0.0054125841706991,-4.5807647705078125,0.9402158627695832,0.9401843311819904,0.8839465766001265
16,57145.92800925926,57145.93050925926,2,117,413.4211540222168,0.0019378897091531,0.0062975138425827,-4.085345268249512,0.9484523038674152,0.9484796965310716,0.8996137347316736
16,57145.92800925926,57145.93050925926,2,118,5.149593830108643,0.0024721071771953,0.0057989060878753,-5.025426864624023,0.9499334487944198,-0.9499596503397704,0.9024233372736588
16,57145.92800925926,57145.93050925926,2,119,5.271823406219482,0.003826960162259,0.0044151693582534,-4.326541423797607,0.9478026029833356,0.947824228985425,0.8983707690518152
16,57145.92800925926,57145.92836735779,2,120,4.312433242797852,-0.0084434789389133,-0.0163850784301757,-4.677003383636475,0.9544223894264638,0.9544145964931102,0.9109072219991065
16,57145.92800925926,57145.93050925926,2,121,4.221899032592773,-0.0154592494983753,-0.0146315097808837,-4.150696754455566,0.9566325870649852,0.9565372895852328,0.9149635863670634
16,57145.92800925926,57145.93050925926,2,121,4.221899032592773,-0.0154592494983753,-0.0146315097808837,-4.150696754455566,0.9566325870649852,0.9565372895852328,0.9149635863670634
16,57145.92800925926,57145.93050925926,2,122,4.593522548675537,0.0064170772087219,0.0017515979707241,-4.443309783935547,0.9549126454519692,0.9549206555023506,0.911873458305039
16,57145.92800925926,57145.93050925926,2,123,4.002078056335449,0.002480829292587,0.006155215203762,-4.5001091957092285,0.9538478088794068,0.953874122203148,0.909875841008826
16,57145.92800925926,57145.93050925926,2,124,5.6628828048706055,-0.0124677281366034,-0.0132923498749732,-4.42929220199585,0.948138000050514,0.948085383293244,0.8988658940142974
16,57145.92800925926,57145.93050925926,2,124,5.6628828048706055,-0.0124677281366034,-0.0132923498749732,-4.42929220199585,0.948138000050514,0.948085383293244,0.8988658940142974
16,57145.92800925926,57145.93050925926,2,125,6.28840446472168,-0.0072508287067178,-0.0036624427884817,-4.599806785583496,0.95795659559485,0.9579588202061734,0.9176851012108036
16,57145.92800925926,57145.92836735779,2,126,6.535260677337647,-0.011594365687386,-0.0106547866016626,-6.402745246887207,0.9640617671405444,0.9640218980731844,0.9293382199646248
16,57145.92800925926,57145.93050925926,2,127,5.201269149780273,-0.0066517631286933,-0.0014080666005611,-7.699711799621582,0.9688269647955536,0.9688341324801002,0.9386395762584684
16,57145.92800925926,57145.93050925926,2,128,5.60119104385376,0.0018348369014155,0.0129035972058773,-8.018961906433105,0.967138860450538,0.9671670710755096,0.9354121433727796
17,57145.93069444445,57145.93319444444,2,-10,4.031975269317627,-0.0029809793239815,0.0028173141181468,-3.98090934753418,,0.9365016671384588,0.8770353725531125
17,57145.93069444445,57145.93319444444,2,-10,5.409821510314941,0.0068263330178304,-0.0066986083984375,-5.699985980987549,0.9538760845250532,0.9538759227283224,0.9098792759608084
17,57145.93069444445,57145.93319444444,2,-10,4.762128829956055,-0.0023427060917791,-0.0048449337482452,-4.516024589538574,0.9684440975048204,0.9684658996387772,0.9379261987631462
17,57145.93069444445,57145.93319444444,2,-10,5.089925765991211,0.0084320808121106,0.0066983252763748,-4.586905002593994,0.9699256337308436,0.9699136532675824,0.940732494794868
17,57145.93069444445,57145.93319444444,2,-10,6.9910569190979,-0.0032293638405888,-0.0042115375399589,-6.8733673095703125,0.9556874881738432,0.955706343099784,0.9133746142411618
17,57145.86920512482,57145.93319444444,2,-10,4.196409225463867,0.000707752080276,0.0035970583558082,-5.844024658203125,0.9571849798685446,0.9572090675487416,0.9162491989975312
17,57145.93069444445,57145.93319444444,2,-10,6.330939292907715,0.0052510313690181,-0.0031651780009269,-5.34996223449707,0.9473519238755422,0.9473614697572664,0.8974937543806483
17,57145.93069444445,57145.93319444444,2,-10,4.22788667678833,0.0063832548745595,0.0084393098950386,-3.7123730182647705,0.9348384246440355,0.9348404116789888,0.8739265953081411
17,57145.93069444445,57145.93319444444,2,0,3.473217964172364,-748.2842277231209,-0.0096109136939048,-5.257247447967529,0.9334824807822744,0.9335052433497903,0.8714320393615514
17,57145.93069444445,57145.93319444444,2,1,3.79353666305542,-0.0036283888988222,-0.0103008039295673,-3.615411043167114,0.9258503303484116,0.9258667725885332,0.8572292805835067
17,57145.93069444445,57145.93319444444,2,2,3.80507755279541,-0.0126057435116587,-63.407414855309526,-4.105715274810791,0.9319476343407004,0.931886081488272,-0.8684116688715662
17,57145.93069444445,57145.93319444444,2,3,6.141609191894531,-0.0020588955137496,0.0049172341823577,-5.829016208648682,0.9577420473056378,0.9577641977200088,0.9173122584342523
17,57145.93069444445,57145.93319444444,2,4,8.067962646484375,-0.0023063177955996,0.0007360614836215,-7.325394153594971,0.9688237343512628,0.9688456358163376,0.9386618660403636
17,57145.93069444445,57145.93319444444,2,5,3.767968654632568,-0.0024368241311824,-0.0020387470722198,-3.738181591033936,0.9439270302646644,0.9439478968339644,0.8910376319372645
17,57145.93069444445,57145.93319444444,2,6,5.030511856079102,0.0028952831260467,0.0114217679947614,-4.264235973358154,0.9309404889216948,0.9309596682664713,0.8666859039388183
17,57145.93069444445,57145.93319444444,2,7,4.114943027496338,0.0015476005407773,-0.0070558302104473,-3.5313782691955566,0.9377928415572542,0.9378154205929956,0.8794977631020174
17,57145.93069444445,57145.93319444444,2,8,3.699516296386719,0.0035963497843572,-0.0002599619328975,-4.436305046081543,0.9329761517368298,0.9329929536074212,0.8704758514810996
17,57145.93069444445,57145.93319444444,2,9,3.618839740753174,-0.0013844537310678,0.0046700537204742,-3.882303714752197,0.9299490795465718,0.9299717054789718,0.8648473729914675
17,57145.93069444445,57145.93319444444,2,10,3.9998178482055664,0.0011765983519979,-0.0025335624814033,-3.560502529144287,0.919942644558926,0.9199652940674778,-0.8463361422886609
17,57145.93069444445,57145.93319444444,2,11,3.584291934967041,-0.00490183886314,-0.0029687583446502,-4.091819763183594,0.9333643014990312,0.9333751727381918,0.8711892130840494
17,57145.93069444445,57145.93319444444,2,13,3.959038734436035,-0.0093366928933257,-0.0151520371437072,-4.026065826416016,0.927252045153834,0.9272286241167184,0.8597529213813828
17,57145.93069444445,57145.93319444444,2,14,4.022326469421387,-0.0023847366829829,-0.0030381381511688,-3.471815586090088,0.9258584691449354,0.9258789503217092,0.8572518306488301
17,57145.93069444445,57145.93319444444,2,15,4.758721351623535,0.0019152364396502,-0.0012606866657733,-3.594534397125244,0.9315129581210758,0.9315346854474896,0.8677568701917535
17,57145.93069444445,57145.93319444444,2,15,4.758721351623535,0.0019152364396502,-0.0012606866657733,-3.594534397125244,0.9315129581210758,0.9315346854474896,0.8677568701917535
17,57145.93069444445,57145.93319444444,2,16,3.7305428981781006,-0.0031041653121707,-0.0049989521503448,-3.387901306152344,0.9295000949542476,0.9295185565458716,0.8640047469631208
17,57145.93069444445,57145.93319444444,2,17,5.780489921569824,0.0037100826012744,0.00770740583539,-6.426057815551758,1.031056595531267,1.031076148816946,1.0631180246591851
17,57145.93069444445,57145.93319444444,2,18,5.582708358764648,-0.0028513600997851,0.0081499926745891,-5.638377189636231,1.0343669196725658,1.0343893022409023,1.0699612285904203
17,57145.93069444445,57145.93319444444,2,19,3.3166422843933105,-0.0026951490210215,0.004817496985197,-4.04298210144043,0.931571159654176,-0.9315909586186572,0.8678617141800288
17,57145.93069444445,57145.93319444444,2,20,4.874973297119141,-0.0072429308300196,0.0022404696792364,-4.276028633117676,0.9458767446946628,0.9458730743538968,-0.8946758727876922
17,57145.93069444445,57145.93319444444,2,21,3.8460848331451416,0.0029320033812685,0.0157007500529289,-3.555701732635498,0.939933173302541,-0.9399525106534296,0.8835107222836858
17,57145.93069444445,57145.93319444444,2,23,3.963195562362671,0.0067735670601271,0.0068679973483085,-4.474152565002441,0.9336845474296264,0.933683728037669,0.8717653040023198
17,57145.93069444445,57145.93319444444,2,24,4.746615886688232,0.0121273678210473,0.0015322305262088,-4.370221138000488,0.9422431595038468,0.9421890794288428,0.8877202613949702
17,57145.93069444445,57145.93319444444,2,25,5.819911479949951,0.0005735884481979,-0.0001296624541282,-4.466805458068848,0.9391146246709864,,0.8819808200862965
17,57145.93069444445,57145.93319444444,2,26,498.32868576049805,0.0007177708587769,-63.407414855309526,-5.482037544250488,0.9480303806682132,0.948054225409762,-0.8988068143173036
17,57145.93069444445,57145.93319444444,2,27,5.160767078399658,-6.243342537121745e-05,0.0014456724748015,-5.737301826477051,0.9554346119627852,0.9554589147424772,var-error
17,57145.93069444445,57145.93319444444,2,27,5.160767078399658,-6.243342537121745e-05,0.0014456724748015,-5.737301826477051,0.9554346119627852,0.9554589147424772,var-error
17,57145.93069444445,57145.93319444444,2,28,4.694967269897461,0.0063213293396481,0.0003268346190452,-5.5849151611328125,-0.9494757896268424,0.9494788993227624,0.9015101802591642
17,57145.93069444445,57145.93319444444,2,29,4.250486850738525,0.0041087047076765,0.0035063028335571,-6.850002765655518,0.9536417274256044,0.9536571353242986,0.9094619317549476
17,57145.93069444445,57145.93319444444,2,30,4.420772552490234,0.0011411907619845,0.004999004304409,-4.734941005706787,0.943285672902526,0.9433089783450306,0.8898318286263455
17,57145.93069444445,57145.93319444444,2,31,3.92075252532959,0.002783782601212,-0.0042069442570209,-4.347349166870117,0.941445227834671,0.9414650609540076,0.8863564609971333
17,57145.93069444445,57145.93319444444,2,32,4.895442485809326,0.0023664347654967,0.0114148594439029,-5.809584617614746,0.9636581731146062,0.96367978144934,0.928678721174248
17,57145.93069444445,57145.93319444444,2,33,5.2321295738220215,-0.0020724023288812,-0.0029729325324296,-3.5477635860443115,0.955281532549064,0.9553035854641314,0.9126049404006252
17,57145.93069444445,57145.93319444444,2,34,4.069183349609375,0.0054978799736517,0.0056335348635911,-4.069580078125,0.9476485208641312,0.9476566788204568,0.8980531809130182
17,57145.93069444445,57145.93319444444,2,36,4.431915760040283,0.0026109306711066,-0.0006302148103713,-4.335466384887695,0.9582455351121636,0.9582663543402372,0.9182744058605292
17,57145.93069444445,57145.93319444444,2,37,4.142359733581543,-748.2842277231209,0.0076427906751632,-4.405146598815918,0.9606669909017528,0.9606254538076804,0.9228012625032116
17,57145.93069444445,57145.93319444444,2,38,3.652039051055908,0.0135264232921772,0.0121561177074909,-3.953196287155152,0.9484689989340376,0.9483966668507924,0.8994562376936927
17,57145.93069444445,57145.93319444444,2,41,4.316958904266357,0.0028818075199581,0.0013794302940368,-4.211103439331055,0.9587654443718728,0.9587855028090052,0.9192696403967172
17,57145.93069444445,57145.93319444444,2,42,4.30177640914917,-0.0017318704861451,-0.0069399364292621,-5.40692949295044,0.9619967522953954,0.962019665072904,0.9254818359869824
17,57145.93069444445,57145.93319444444,2,43,4.474049091339111,-6.725803569324327e-05,0.0072854906320571,-4.053627014160156,0.9608693451918217,0.9608937859088944,0.923316867798328
17,57145.93069444445,57145.93319444444,2,44,5.654963493347168,-0.002572270328771,-0.0065211653709411,-4.366902828216553,0.9664676893369322,0.9664888516575052,0.9341007003782428
17,invalid_time,57145.93319444444,2,46,5.040619850158691,0.0157161536135176,0.0153577029705047,-5.422361373901367,0.9708577465066668,0.9707552262908428,0.9423657093709854
17,57145.93069444445,57145.93319444444,2,47,4.452490329742432,0.0072063414784019,0.0235527865588665,-491.79677963256836,0.9623620374159316,0.9623595361982262,0.9261358769116652
17,57145.93069444445,57145.93319444444,2,50,4.781564712524414,0.0056757468226882,0.00180708267726,-4.589672565460205,0.9656785466430756,0.9656864319683968,0.9325502848878529
17,57145.93069444445,57145.93105254297,2,52,5.085488319396973,0.0110596890731284,0.0246736109256744,-5.188776016235352,0.9686491682064484,0.9686106677372692,0.9382066256544386
17,57145.93069444445,57145.93319444444,2,54,4.926046848297119,-0.005838968915206,-0.0063287653028965,-5.268439769744873,0.9625221315075548,0.9625289054775528,0.9264618938798156
17,57145.93069444445,57145.93319444444,2,55,4.231666564941406,0.0092194762228168,-63.407414855309526,-4.506963729858398,0.9571929157638706,0.9571728631470992,0.9161798899452156
17,57145.93069444445,57145.93319444444,2,56,3.861978054046631,0.0092138681144937,0.0059679206460714,-364.9353981018065,0.968895192278412,0.968876027013142,0.9387207557207708
17,57145.93069444445,57145.93319444444,2,57,4.103428363800049,0.0043066945480862,-63.407414855309526,-5.017682552337647,0.9579786255809566,0.957993314220153,0.9177511900905128
17,57145.93069444445,57145.93319444444,2,58,5.501934051513672,0.005929735576276,0.0093185771256685,-4.914371967315674,,0.961486142784592,0.924455602766793
17,57145.93069444445,57145.93319444444,2,59,4.8702898025512695,0.0002253280398593,-0.0093490108847618,-5.859764099121094,0.9531128976816604,0.9531371168044716,0.9084703634303408
17,57145.93069444445,57145.93319444444,2,60,629.2359352111816,-0.0021687788500476,-0.0008568316698074,-5.812307357788086,0.9606882113985914,0.9607102017589016,0.9229640917636296
17,57145.86920512482,57145.93319444444,2,61,5.329576015472412,-0.0027134508096548,-0.0082674622535705,-6.827486991882324,0.9566055269058408,0.9566260129988876,0.9151333287461482
17,57145.93069444445,57145.93319444444,2,62,3.913402557373047,0.0059389638793429,0.0011213943362236,-3.751516819000244,0.9535192459229288,0.953525006046121,0.9092099371552552
17,57145.93069444445,57145.93319444444,2,63,6.101996421813965,-0.0078887839954271,-0.0137055739760398,-647.8602886199951,0.960054147105383,0.9600461569200216,0.9216886234169026
17,57145.86920512482,57145.93319444444,2,64,7.348917961120605,0.0067641117885226,0.0056956335902214,-7.039609909057617,0.9704520239966544,0.9704531368078608,0.9417792907402164
17,57145.93069444445,57145.93319444444,2,65,8.026741027832031,-0.0011952079486292,-0.0043408423662185,-7.081149101257324,0.9637071632074946,0.963730937289425,-0.9287773194887536
17,57145.93069444445,57145.93319444444,2,66,6.355330467224121,0.0050852366315974,0.00894495844841,-6.443960189819336,0.9643252117434457,0.9643363341435888,0.9299445653494954
17,57145.93069444445,57145.93319444444,2,67,5.342379093170166,0.0138221436681845,0.0136126913130283,-5.060268402099609,0.9468617673771343,0.9467849594021116,0.8964017593500578
17,57145.93069444445,57145.93319444444,2,68,4.723665237426758,0.0035051269725442,-0.0021088607609272,-6.103010654449463,0.9551099825764098,0.9551278472771092,0.9122692046442048
17,57145.93069444445,57145.93319444444,2,69,5.364346027374268,0.0098630464763718,0.0204368606209754,-7.136503219604492,0.950235687663306,0.9502086704137184,0.9028965173294066
17,57145.93069444445,57145.93319444444,2,70,6.221818447113037,0.0128977219814849,0.0032747015357017,-5.272965431213379,0.9586776363797296,0.9586152567870416,0.9189432105448856
17,57145.93069444445,57145.93319444444,2,71,4.51584529876709,-0.010286869604065,-0.0221670567989349,-6.085389137268066,0.956266054013066,0.956235047348997,0.9143854657785386
17,57145.93069444445,57145.93319444444,2,72,4.495097637176514,-748.2842277231209,-0.0053872615098953,-5.772307395935059,0.9560140834655334,,0.9140040370055642
17,57145.93069444445,57145.93319444444,2,73,5.117934226989746,-0.0041475349696642,0.0066599436104297,-4.238702774047852,0.9541508913782584,0.9541661489482884,0.9104330397988072
17,57145.93069444445,57145.93319444444,2,75,4.108017444610596,4.000123528633585e-05,0.0039088986814022,-4.771587371826172,0.956353203769434,0.9563775311200674,-0.9146579820313157
17,57145.93069444445,57145.93319444444,2,76,4.217134475708008,0.003816648127339,0.004057690501213,-4.126657962799072,0.9505743491518592,0.950590868001868,var-error
17,57145.93069444445,57145.93319444444,2,77,5.657371520996094,0.0016525803047801,0.0066024661064147,-4.973484992980957,0.9474217260613907,0.9474443857160328,0.8976508640248307
17,57145.93069444445,57145.93319444444,2,79,4.661805629730225,-0.0028517470233775,-0.013648048043251,-4.534642219543457,0.952969994007932,0.9529899691102656,0.9081898812247846
17,57145.93069444445,57145.93319444444,2,80,4.634269714355469,-0.0063528435412884,-0.0061033591628074,-4.701578140258789,0.948364631168581,0.9483674773501924,0.8994008720955675
17,57145.93069444445,57145.93319444444,2,81,4.324047088623047,0.0010441779198335,-0.0052646100521087,-4.840343475341797,0.9461942464737424,0.9462177400633588,0.8953280116106099
17,57145.93069444445,57145.93319444444,2,82,6.219837188720703,0.0038243762931873,-1.284480094909668e-05,-5.240627288818359,0.9457944613361372,0.9458107886497488,0.89455804792626
17,57145.93069444445,57145.93319444444,2,83,6.100167274475098,-0.0013989929672604,-0.0037325322628021,-6.443439960479736,0.9551511241074216,0.9551743971487894,0.9123581289685532
17,57145.93069444445,57145.93319444444,2,84,5.589946746826172,-0.0067705544650684,-0.0114313960075378,-6.260974407196045,0.9546360418406792,0.954636316069529,0.9113304959588018
17,57145.93069444445,57145.93319444444,2,85,6.229448795318604,0.0045123333296191,0.0072830766439437,-6.196428298950195,0.9502545042093508,0.9502679633962025,0.9030092022571662
17,57145.93069444445,57145.93319444444,2,86,6.065433502197266,0.0055600587423306,-0.0040934905409812,-4.917158126831055,0.95644306421052,0.9564512330834588,0.9147989612668688
17,57145.93069444445,57145.93319444444,2,87,6.982052326202393,0.003608508207676,-0.0007091909646987,-5.554147243499756,0.9560263417875052,0.9560438513301812,0.9140198456662456
17,57145.93069444445,57145.93319444444,2,88,7.049773216247559,-0.0006172149719685,0.0061776340007781,-6.857629776000977,0.9580280190243462,0.9580521922291184,0.9178640030350196
17,57145.93069444445,57145.93319444444,2,89,7.049556255340576,-0.0002651308913077,-0.0025936104357242,-4.958483695983887,0.9542771862523646,0.9543014247966584,0.910691209368932
17,57145.93069444445,57145.93319444444,2,90,7.060084342956543,0.0054921443433598,-0.0059331068769097,-5.531703472137451,0.956074133757475,0.9560826795700986,0.91409409017394
17,57145.93069444445,57145.93319444444,2,93,4.009843349456787,0.0124133172398139,0.00471424870193,-6.487957954406738,0.9448735579030798,0.9448160482262502,0.892677364985868
17,57145.93069444445,57145.93319444444,2,94,4.602519035339356,0.0078600587941251,0.0077709909528493,-6.333576202392578,0.9465929704713388,0.9465844158812224,0.8960220563891951
17,57145.93069444445,57145.93319444444,2,95,6.20311164855957,-0.0048854791512703,0.0023234263062477,-6.930478096008301,0.957970933670217,0.9579828450804492,0.9177311314684315
17,57145.93069444445,57145.93105254297,2,96,5.504443645477295,-0.0036134933888649,-0.0032123923301696,-6.273008346557617,0.9577409579388164,0.957758504494778,0.9173013529320736
17,57145.93069444445,57145.93319444444,2,98,5.429204940795898,0.0126221378854205,0.0096630565822124,-5.447315216064453,0.9600895175032922,0.9600309644623104,0.9216594527264336
17,57145.93069444445,57145.93319444444,2,99,5.172553062438965,-748.2842277231209,-0.0036852099001407,-5.811260223388672,0.9652585873859828,0.9652775917020532,var-error
17,57145.93069444445,57145.93319444444,2,100,7.7105393409729,0.0060887711403506,-63.407414855309526,-6.335702419281006,0.9606786233086848,0.9606837655593062,0.922913297409208
17,57145.93069444445,57145.93319444444,2,101,5.1713714599609375,0.0028935721859345,0.0129708126187324,-6.329300403594971,-0.9632515181196484,0.963271675576948,0.9278923209688212
17,57145.93069444445,57145.93319444444,2,102,4.239352226257324,-0.004854447578249,-0.003352552652359,-7.258358955383301,-0.9487247815768778,0.9487364956603144,var-error
17,57145.93069444445,57145.93319444444,2,103,6.67083740234375,0.0075888604637463,0.0179561749100685,-6.914154052734375,-0.963169576170984,-0.9631641800295028,-0.927685237691904
17,57145.93069444445,57145.93319444444,2,104,4.671259880065918,0.0099800272720972,0.012599766254425,-4.635359287261963,0.9508997118734964,0.9508715266074684,0.9041566601128171
17,57145.93069444445,57145.93319444444,2,105,3.802437067031861,0.0044279617724261,0.0042573809623718,-4.272871971130371,0.9455123704130424,0.945526054134486,0.8940195190471306
17,57145.93069444445,57145.93319444444,2,106,5.389026641845703,0.000959535703627,0.0003853440284729,-5.398428916931152,0.953001223047668,0.9530249828956304,0.9082566180232168
17,57145.93069444445,57145.93319444444,2,107,5.58701753616333,0.0126147992895403,0.0200262516736984,-5.545436382293701,0.9555986973771372,0.9555397370323336,0.9130561890478212
17,57145.93069444445,57145.93319444444,2,108,4.625922203063965,0.0256194910893557,0.0320738777518272,-3.45850133895874,0.945525909002812,0.945202802824118,0.8934083384665683
17,57145.93069444445,57145.93319444444,2,109,3.630449771881104,0.0074056185307481,0.0064284354448318,-420.80016136169434,0.9507548741745742,,0.9039259748608214
17,57145.93069444445,57145.93319444444,2,111,4.394981384277344,-0.0031045843706681,-0.004176452755928,-4.17839241027832,0.9469907266330192,,0.8968274240256323
17,57145.93069444445,57145.93319444444,2,112,3.5119705200195312,-0.0040306774183909,-0.0054870154708623,-4.550672054290772,-0.9494856448867984,-0.9495012427693494,0.9015526100205392
17,57145.93069444445,57145.93319444444,2,113,3.85563588142395,-0.0088192663557477,-0.0069705918431282,-4.046775341033936,0.9522768015587616,0.952260185451759,0.9067994607966184
17,57145.93069444445,57145.93319444444,2,115,4.0600786209106445,-0.0018619635637707,0.0037076696753501,-4.039502143859863,0.9510721349851016,0.9510945061501296,0.9045807596289588
17,57145.93069444445,57145.93319444444,2,116,422.6224899291992,0.0091790346144749,0.0040233619511127,-3.5738978385925293,0.9469003643487912,0.9468799601665028,0.8965816589649178
17,57145.93069444445,57145.93319444444,2,117,5.263572692871094,0.0082541394739108,0.0081401988863945,-5.343542098999023,0.9451730907359434,,0.8933294888160652
17,57145.93069444445,57145.93319444444,2,118,4.403937339782715,0.0056978959675861,0.0018523931503295,-3.9430012702941895,0.9539278869748148,0.953935135861678,0.9099922434314384
17,57145.93069444445,57145.93319444444,2,119,3.4773106575012207,-0.000586501627347,-0.0056368261575698,-3.933803081512451,0.945911753378949,0.945935634119952,0.8947942238979156
17,57145.93069444445,57145.93319444444,2,120,4.770213603973389,-0.0096779499400735,-0.0129947289824485,-4.29603910446167,0.9530146136418428,0.9529897141530675,0.9081893952815454
17,57145.93069444445,57145.93319444444,2,122,4.279157161712647,0.0053984802302998,0.0159246353432536,-4.189617156982422,0.9354748774304356,-0.9354830970829924,0.8751286249279875
17,57145.93069444445,57145.93319444444,2,123,4.1107330322265625,-748.2842277231209,-0.007289957255125,-4.188055515289307,0.9376773699147928,0.9376773356160992,0.8792387857281065
17,57145.93069444445,57145.93105254297,2,124,5.806864261627197,-0.0120738716275322,-0.0123350843787193,-4.548676490783691,0.9535281390524668,0.9534759487953028,0.9091163849311028
17,57145.93069444445,57145.93319444444,2,125,3.997294425964356,-0.0092771489794434,-0.001432292163372,-4.288270950317383,0.9559401010044388,0.955919400324012,0.913781899915819
17,57145.93069444445,57145.93319444444,2,126,4.331935405731201,0.0059123051280637,0.0139240063726902,-4.2141194343566895,0.9535032307558392,0.9535091558416678,0.90917971027389
17,57145.93069444445,57145.93319444444,2,128,4.638610363006592,-0.0042216823678721,-0.0092194974422454,-4.817999839782715,0.958174729887482,0.9581898038417932,0.918127700186374
18,57145.93337962963,57145.93578703704,2,-10,630.5264472961426,0.0066677348463595,0.0039001144468784,-5.222438335418701,0.9415271382819088,0.9415283656265702,0.8864756632794404
18,57145.93337962963,57145.93578703704,2,-10,4.766837120056152,-0.0018033614738678,-0.0100145116448402,-4.833590030670166,0.9583154758609146,0.958339060061581,0.9184137540397146
18,57145.93337962963,57145.93578703704,2,-10,376.9625186920166,0.0045901011095349,-0.0002388916909694,-4.140275001525879,0.9407523821062724,0.9407660014834976,0.885040669547248
18,57145.93337962963,57145.93578703704,2,-10,5.994139671325684,0.0090760475340918,0.0140904420986771,-7.18166446685791,0.9485890642797902,0.9485706670243648,0.8997863103390485
18,57145.93337962963,57145.93578703704,2,-10,8.277677536010742,0.0112675746840436,0.0071628987789154,-7.736982345581055,0.974199766660421,0.9741603066322444,0.9489883030178282
18,57145.93337962963,57145.93578703704,2,0,3.983009815216065,-0.0085959158697708,-0.0130706205964088,-3.2663865089416504,0.9255810792760054,0.9255655794974954,0.8566716419505346
18,57145.93337962963,57145.93578703704,2,1,3.726929426193237,-0.0054746977526712,-0.008149679750204,-3.372408390045166,0.9197753634932356,0.9197833339566814,0.8460013814244681
18,57145.93337962963,57145.93578703704,2,2,3.523699283599853,0.0097291927806399,0.0063158422708511,-3.556190490722656,0.9262641146464126,0.9262374511634378,0.8579158159377418
18,57145.93337962963,57145.93578703704,2,3,7.499197959899902,0.0139644834646535,0.0204724669456481,-7.900926113128662,0.9778967906716144,0.9778228733098152,0.9561375715678626
18,57145.93337962963,57145.93578703704,2,4,7.204991340637207,0.0044973574122321,0.0069452505558729,-7.836164951324463,0.9634145112505986,0.9634294494402658,0.9281963040487736
18,57145.93337962963,57145.93578703704,2,5,4.304620265960693,-0.001923965796682,0.0030939849093556,-4.018612861633301,0.9293329590786492,0.9293554839180196,0.8637016154884966
18,57145.93337962963,57145.93578703704,2,6,3.467303991317749,0.0054534410463186,0.0036037787795066,-3.8921959400177,0.9185258914730536,0.918533933265747,0.8437045865606436
18,57145.93337962963,57145.93578703704,2,7,5.161675930023193,-0.0016145149682774,-0.0080565903335809,-3.825153827667236,0.9316037760257604,-0.9316269533306636,0.8679287801721747
18,57145.93337962963,57145.93578703704,2,8,4.110089302062988,-748.2842277231209,0.0030843019485473,-3.726201057434082,0.9310540739519088,0.9310786248920644,0.8669074057308976
18,57145.87189031,57145.93578703704,2,9,4.302417755126953,0.0025378733719473,0.0048625692725181,-3.7044973373413086,0.9263462632923896,0.9263672244024168,-0.8581562344470377
18,57145.93337962963,57145.93578703704,2,10,4.31844425201416,-0.0079846871653967,-0.0004989616572856,-3.4782261848449707,0.928616086308246,0.928606254222556,0.8623095753812462
18,57145.93337962963,57145.93578703704,2,11,3.757286548614502,-0.0059203899988455,-0.0099005550146102,-3.4716556072235107,,0.9226975696711356,0.85137080507702
18,57145.93337962963,57145.93578703704,2,12,3.6606740951538086,-0.0079283174284084,0.0014714710414409,-3.910313606262207,0.9199541079811632,0.9199442116999482,0.8462973526402391
18,57145.93337962963,57145.93364513556,2,13,347.6734161376953,-0.0142190889760019,-0.019708763808012,-3.495805501937866,0.9167713641669194,0.91668527093116,0.8403118859421346
18,57145.93337962963,57145.93578703704,2,14,4.416929244995117,-0.0062572665621053,-0.0012781471014022,-3.8887901306152335,0.9308606529122752,0.9308641781310488,0.8665081181275932
18,57145.93337962963,57145.93578703704,2,15,4.422467708587647,-0.0122593055523499,-0.0241379588842391,-3.5167336463928223,0.9283487696451566,0.9282923093682351,0.8617266116322111
18,57145.93337962963,57145.93578703704,2,16,3.9975061416625977,-0.0014500147241961,-0.008609190583229,-3.9271090030670166,0.9345954275958136,0.9346189580058404,0.8735125966639229
18,57145.87189031,57145.93578703704,2,17,5.996383190155029,-0.0019964299346662,-0.0082212649285793,-5.514514446258545,1.094421156511869,1.0944482071266224,1.197816878082678
18,57145.93337962963,57145.93578703704,2,18,5.873227596282959,-0.0092457345350959,-0.0030174325220286,-5.938956737518311,1.082076409837072,1.0820654542054162,-1.1708656471847738
18,57145.93337962963,57145.93578703704,2,19,5.220804214477539,0.0139180488300812,0.0044300146400928,-4.282107353210449,0.928424346728285,0.928344507567548,0.8618235247308333
18,57145.93337962963,57145.93578703704,2,22,5.140548706054688,-748.2842277231209,0.0152314640581607,-5.831996917724609,,0.9426798098747204,0.8886452239454391
18,57145.93337962963,57145.93578703704,2,23,5.440875053405762,0.0144973138321324,0.0098384134471416,-4.661991596221924,0.9471581109511572,0.9470721394207212,0.8969456372669418
18,57145.93337962963,57145.93578703704,2,24,6.927927494049072,0.0146500554308806,0.0185113176703453,-6.092472553253174,0.9457379625865232,0.9456494328863572,0.8942528499182892
18,57145.93337962963,57145.93578703704,2,25,7.978758811950684,0.0039568062472416,-0.0011972039937973,-6.267108917236328,0.9521989892139644,0.9522158875008786,0.906715096409086
18,57145.93337962963,57145.93578703704,2,26,7.693724632263184,0.0053780283151931,-0.0004604682326316,-5.812679290771484,,0.9530267313829912,0.9082599507305484
18,57145.93337962963,57145.93578703704,2,27,6.981792449951172,0.0013883442183125,0.0006168335676193,-7.391839981079102,,0.9714176161245888,0.9436521849171788
18,57145.93337962963,57145.93578703704,2,28,7.409161567687988,-0.0109919668541587,-0.0215761289000511,-7.1157989501953125,0.9664025709716284,0.9663655497697,0.9338623757816944
18,57145.93337962963,57145.93578703704,2,29,8.279302597045898,0.0098422495253948,0.0073951482772827,-8.669469833374023,0.9666694101417042,0.966644803970922,0.934402177043982
18,57145.93337962963,57145.93578703704,2,30,818.2201385498047,0.0133830136507601,0.0078233480453491,-8.0735502243042,0.9631587512675616,0.9630911751773428,0.9275446117044748
18,57145.93337962963,57145.93578703704,2,30,818.2201385498047,0.0133830136507601,0.0078233480453491,-8.0735502243042,0.9631587512675616,0.9630911751773428,0.9275446117044748
18,57145.93337962963,57145.93578703704,2,31,795.2189445495604,0.0100695605128896,0.0019308924674987,-7.73735237121582,0.9550366593769418,,0.9120417459388166
18,57145.93337962963,57145.93578703704,2,33,7.274120807647705,0.0096371077243937,0.0066976398229599,-8.471025466918945,0.969288470596542,0.9692661317474752,0.939476834152714
18,57145.93337962963,57145.93578703704,2,34,6.4780120849609375,0.0103945114680741,0.0166742503643035,-7.779299259185791,0.9698231746635094,0.969793053656884,0.940498566921144
18,57145.93337962963,57145.93578703704,2,35,6.4869890213012695,0.0099279749777702,0.0121915242634713,-7.957715034484863,0.9680132645443028,0.9679878906102948,0.9370005563681676
18,57145.93337962963,57145.93578703704,2,36,7.428102493286133,-0.0110235333552561,-63.407414855309526,-7.976490974426269,0.9697177554854126,0.969680678466876,0.9402806181919808
18,57145.93337962963,57145.93578703704,2,37,7.278365135192871,-0.0037562368051292,-0.0072339847683906,-8.431121826171875,0.971199384953619,0.9712177499064656,0.943263917733378
18,invalid_time,57145.93364513556,2,38,6.721458435058594,-0.0186770109487376,-0.0186352729797363,-6.832763195037842,0.9672752530657592,0.967120436765367,0.9353219392092342
18,57145.93337962963,57145.93578703704,2,39,6.275179862976074,-0.0106587743363825,-0.011034682393074,-7.526564598083496,0.9605692963130936,0.9605354982296644,0.9226284433593096
18,57145.93337962963,57145.93578703704,2,40,7.124244213104248,-0.0062372547695117,-0.0065789967775344,-822.8931427001953,0.9657099491111888,0.9657152821181432,0.9326060061165248
18,invalid_time,57145.93578703704,2,41,6.711731910705566,-0.0097836371404983,-63.407414855309526,-8.154060363769531,0.9733018022909508,0.9732783048913922,0.947270658772262
18,57145.93337962963,57145.93578703704,2,42,8.548898696899414,-0.0090799344220767,-0.0067686438560485,-8.504364013671875,0.980605848209661,0.9805896814694094,0.961556123404278
18,57145.87189031,57145.93578703704,2,43,8.004746437072754,-0.0140305518165213,-0.0158217996358871,-7.70272970199585,0.9730710071791692,0.9729955174300008,0.9467202769388748
18,57145.93337962963,57145.93578703704,2,44,7.381240844726562,-0.0155057705447501,-0.0190237984061241,-7.0603742599487305,0.9717582818698656,0.9716602009075967,0.9441235460277916
18,57145.93337962963,57145.93578703704,2,45,706.5675258636475,0.0007031356829023,-0.0064378082752227,-7.306564331054687,0.9800753830955872,0.9801009886666328,0.9605979479853112
18,57145.93337962963,57145.93578703704,2,46,7.398149490356445,-0.0024025423470243,0.0057318974286317,-7.391234397888184,0.9840096540831564,0.9840326825996748,0.9683203204243124
18,57145.93337962963,57145.93578703704,2,47,7.507530212402344,0.0011701845676984,8.390098810195923e-05,-6.808291435241699,-0.9856678716730716,0.9856931851303242,0.9715910552123636
18,57145.93337962963,57145.93578703704,2,48,7.9376935958862305,-0.0016614228166336,-0.0038886368274688,-6.611843109130859,0.9752680687747912,0.9752923831855872,0.9511952326998224
18,57145.93337962963,57145.93578703704,2,49,7.352607727050781,-0.0036925252513142,-0.010595966130495,-689.3885612487793,0.9860612970159892,0.9860803960565622,0.9723545474870664
18,57145.93337962963,57145.93578703704,2,50,5.673830032348633,-0.0022817532374387,-0.0021143332123756,-5.270923614501953,0.969562559355254,0.96958545209855,0.9400959489211494
18,57145.93337962963,57145.93578703704,2,52,6.478338241577148,-0.0102713680320764,-0.0053952187299728,-5.455165863037109,0.978137909187242,0.9781097807278164,0.9566987431554168
18,57145.93337962963,57145.93578703704,2,53,5.434578895568848,0.0029659261697052,0.0040439590811729,-6.106263160705566,0.9641872974724506,0.9642081715502494,0.9296973980842752
18,57145.93337962963,57145.93578703704,2,54,4.972463607788086,0.0053354369480516,0.0163037404417991,-5.031402111053467,0.9531211282888048,0.9531313382704824,0.9084593479932808
18,57145.93337962963,57145.93578703704,2,55,4.789474487304688,0.0169425889949604,0.017946382984519,-4.346616744995117,0.961750117686792,0.9616262399731162,0.9247250254048334
18,57145.93337962963,57145.93578703704,2,56,3.897404670715332,0.0012036929362477,0.0023225769400596,-4.057720184326172,0.9654821210255948,0.965506840761143,0.9322034595565633
18,57145.93337962963,57145.93578703704,2,57,4.019859313964844,0.0100783590839893,0.0188247710466384,-6.521266937255859,0.958029426048367,0.9580016850821724,0.9177672286202816
18,57145.93337962963,57145.93578703704,2,58,3.8988499641418457,0.0015501140863398,0.0101929940283298,-5.401453018188477,0.9499629810777808,0.9499867770227574,0.902474876518086
18,57145.93337962963,57145.93578703704,2,58,3.8988499641418457,0.0015501140863398,0.0101929940283298,-5.401453018188477,0.9499629810777808,0.9499867770227574,0.902474876518086
18,57145.93337962963,57145.93578703704,2,59,4.093606948852539,-0.0064187930503102,-0.0073522478342056,-4.363653182983398,0.9432400154501968,0.9432430578573352,0.8897074661960562
18,57145.93337962963,57145.93578703704,2,60,3.6055593490600586,-0.0088433884140731,-0.0075829476118087,-4.117795944213867,-0.9561366858154988,0.956121010796236,0.914167387286016
18,57145.93337962963,57145.93578703704,2,61,4.441477298736572,-0.0040174194596278,-0.0025571528822183,-4.338772296905518,0.9477893618225722,0.94780585053615,0.8983359303105548
18,57145.93337962963,57145.93578703704,2,62,3.773068428039551,0.0042779767841385,0.0014619454741477,-3.8667898178100586,0.9317791032015544,0.9317938633691594,0.8682398038124237
18,57145.93337962963,57145.93578703704,2,63,4.135004997253418,0.0008654113248989,0.006356406956911,-4.167606353759766,0.9462516786583208,0.9462762456906731,0.8954387331584353
18,57145.93337962963,57145.93578703704,2,64,5.185842514038086,-0.0065141116400912,-0.0055363662540912,-5.749454021453857,0.9533623550270413,0.9533652498127472,0.908905299550522
18,57145.93337962963,57145.93578703704,2,65,4.682594299316406,-0.0022998395278569,0.000195087864995,-4.021759510040283,0.93746707511535,0.9374889850355056,0.8788855970629027
18,57145.93337962963,57145.93578703704,2,66,4.350478172302246,-0.0007939546443603,-0.0024681389331817,-4.4590044021606445,0.944837126236966,,0.8927636663485693
18,57145.93337962963,57145.93578703704,2,67,4.203202724456787,0.0091412924924881,-63.407414855309526,-3.731494665145874,0.9399369311893552,0.9399172736513888,0.8834444813082599
18,57145.93337962963,57145.93578703704,2,68,433.92887115478516,0.0097347692192116,0.0128956940025091,-4.204700469970703,0.9475224464385712,0.947497432987889,0.8977513855186392
18,57145.93337962963,57145.93578703704,2,69,3.866379737854004,-0.000686863345509,0.0026045255362987,-3.891127109527588,0.941537079383404,0.941561667246078,0.8865383732272142
18,57145.93337962963,57145.93578703704,2,70,6.20440149307251,-0.010381591050763,-0.0121511593461036,-3.706023931503296,0.9466622286023916,0.9466302740338802,0.8961088757174592
18,57145.93337962963,57145.93578703704,2,71,3.9076740741729736,-0.0151777475462239,-0.0223265774548053,-3.621488094329834,0.9512386755576038,0.9511426726567156,0.9046723837485604
18,57145.93337962963,57145.93578703704,2,72,3.805153846740722,0.0079640189913294,0.0056835785508155,-3.5175461769104004,0.943219935285399,0.943211194751115,0.8896473579038258
18,57145.93337962963,57145.93578703704,2,73,3.446282863616944,0.0034042702739358,0.0109933018684387,-3.702539443969727,0.938084249581779,0.9381028197371092,0.8800369003987151
18,57145.93337962963,57145.93578703704,2,74,3.779386043548584,-0.0014217902704388,-0.0038458555936813,-3.735654354095459,0.9458846177781698,0.945908502277744,0.8947428946813248
18,57145.93337962963,57145.93578703704,2,75,3.8888769149780273,0.0050387814043702,-63.407414855309526,-3.75228762626648,0.9431672689501456,0.9431786903065424,0.8895860418483644
18,57145.93337962963,57145.93578703704,2,78,3.836064338684082,-0.0068707092621109,-0.0065900441259145,-4.695235252380371,0.9405701309865128,0.9405698481905794,0.8846716393252496
18,57145.93337962963,57145.93578703704,2,79,4.537117958068848,-0.0093095317841444,-0.0133317485451698,-6.035884857177734,0.9478114371660588,0.9477907190477628,0.8983072471130755
18,57145.93337962963,57145.93364513556,2,80,3.5565545558929443,-0.0170422193894596,-0.0117821618914604,-6.422321319580078,0.9448411371134025,0.944712349790098,0.8924814238459282
18,57145.93337962963,57145.93578703704,2,81,4.18705940246582,-0.0141386963468635,-0.0102215260267257,-5.835803985595703,0.9457406548950806,0.9456599096913876,0.8942726647975231
18,57145.93337962963,57145.93578703704,2,82,4.745518684387207,0.0039093539871185,0.0006089657545089,-5.807435035705566,0.9429413552382444,0.9429581265193544,0.8891700283688907
18,57145.93337962963,57145.93364513556,2,84,6.958081245422363,-0.0022017806674322,-0.0075263120234012,-7.496838092803955,-0.9444931767583132,0.9445155267080492,0.8921095801925832
18,57145.93337962963,57145.93578703704,2,85,6.321125030517578,-0.0079282683571821,-0.0095815137028694,-7.536036491394043,0.9545549928344522,0.9545472482305188,0.9111604491044556
18,57145.93337962963,57145.93578703704,2,86,7.1062116622924805,0.0049526601485738,0.0021387189626693,-740.0754928588867,0.9661261876959696,0.9661389812774492,0.9334245311438276
18,57145.93337962963,57145.93578703704,2,87,8.675992965698242,-0.0080913291869956,-0.0045126639306545,-7.09574556350708,0.9590055270068304,0.9589966906218024,0.9196746526235692
18,invalid_time,57145.93578703704,2,88,7.9273200035095215,-0.0042069397128734,0.0025492310523986,-8.160024642944336,0.9553889822769056,0.9554049274327848,0.9127985753628448
18,57145.93337962963,57145.93578703704,2,89,7.84548807144165,0.0068259819007482,0.0079472791403532,-7.077717304229736,0.949470049490628,0.9494705593498618,0.9014943430721396
18,57145.93337962963,57145.93578703704,2,90,7.257610321044922,0.003632401425503,0.0013135001063346,-6.452302932739258,0.9600350721944428,0.9600535265845842,0.921702773907497
18,57145.93337962963,57145.93578703704,2,91,6.788578510284424,0.0048569847390742,0.0025554299354553,-8.218772888183594,0.9694402862745318,0.969453702869764,0.9398404820078968
18,57145.93337962963,57145.93578703704,2,92,7.040224075317383,-0.0048262934077642,-0.0010892376303672,-691.4975166320801,0.961503715833557,0.9615169744179586,0.9245148920938652
18,57145.93337962963,57145.93364513556,2,93,7.858218193054199,0.0001594497746261,-0.0024479106068611,-6.418017387390137,0.9598324576751328,0.959857765482678,var-error
18,57145.93337962963,57145.93578703704,2,94,8.037860870361328,0.0066891137660116,0.0025103092193603,-8.007299423217773,0.9637233518758528,0.9637255617648562,0.9287669583989878
18,57145.93337962963,57145.93578703704,2,95,8.44533920288086,0.0036229546408533,-0.0004259645938873,-8.241693496704102,,0.963848403994397,0.9290037458825464
18,57145.93337962963,57145.93578703704,2,96,7.944776058197021,-0.007574881980015,-0.0118288658559322,-8.675395011901855,0.9667736449850224,0.9667694724873654,0.9346432129334988
18,57145.93337962963,57145.93578703704,2,97,6.46860408782959,-0.0118275648129879,-0.0077410340309143,-6.816104888916016,0.9556817303834354,0.955633749266548,0.9132358627372394
18,57145.93337962963,57145.93578703704,2,98,7.518768310546875,0.0076328022136717,-0.0004014670848846,-7.0753374099731445,0.9488970711073956,,0.9003948986083665
18,57145.93337962963,57145.93578703704,2,99,8.103279113769531,0.0083562860922468,0.0037510842084884,-8.374470710754395,0.9751036467480492,0.9750935638857616,0.950807458331436
18,57145.93337962963,57145.93578703704,2,101,6.524478912353516,0.0108359559386935,-7.221568375825882e-05,-5.693538665771484,0.9611880201708064,0.9611522965167691,0.9238137370994596
18,57145.93337962963,57145.93578703704,2,102,6.62157678604126,-0.0068178922314343,-0.0087572336196899,-5.627200126647949,0.9594112499278468,0.959412335165077,0.920472028866906
18,57145.93337962963,57145.93364513556,2,103,8.078370094299316,0.0021220400056225,-0.0014597028493881,-801.0293960571289,0.977286116784976,0.977309602520977,0.95513405917971
18,57145.93337962963,57145.93578703704,2,104,5.355679512023926,-0.0032939554944617,-0.0014930143952369,-8.162422180175781,0.9626557892958998,0.9626755491385396,-0.9267442129091884
18,57145.93337962963,57145.93578703704,2,105,5.731745719909668,0.0020535493339114,-0.0042011514306068,-7.56979513168335,0.9613284319217642,0.9613515990254216,0.9241968969487347
18,57145.93337962963,57145.93578703704,2,106,6.548807144165039,0.0025421222123972,0.0073690265417099,-8.419123649597168,0.970953963603121,0.9709762514526272,0.9427948808849956
18,57145.93337962963,57145.93578703704,2,107,6.574268341064453,-0.0010461186965279,0.001367699354887,-7.193628311157227,0.9643828557750764,0.964407729463614,0.9300822686491632
18,57145.93337962963,57145.93578703704,2,108,5.886081218719482,-2.347775923153665e-05,-0.0020532459020614,-5.170928001403809,0.9518311542530986,0.951856263935546,0.906030347193336
18,57145.93337962963,57145.93578703704,2,109,6.264641761779785,0.0006863073402322,-0.0014265775680541,-4.751472473144531,0.9456968290193656,0.9457215281248682,0.8943892087588359
18,57145.93337962963,57145.93578703704,2,110,7.632623672485352,0.0040745149674689,0.0033827871084213,-5.424716949462891,0.9447573192469176,0.9447734561236698,0.8925968833958638
18,57145.93337962963,57145.93578703704,2,111,7.799083709716797,-0.0037617364995514,-0.005317136645317,-6.27867603302002,0.9647683506302632,0.9647864679638022,0.9308129287660688
18,57145.87189031,57145.93364513556,2,112,7.1225996017456055,-0.0162690622084727,-0.0105244116857647,-6.176926136016846,0.9562674050504868,0.9561542248875092,0.9142309017702336
18,57145.87189031,57145.93364513556,2,112,7.1225996017456055,-0.0162690622084727,-0.0105244116857647,-6.176926136016846,0.9562674050504868,0.9561542248875092,0.9142309017702336
18,57145.93337962963,57145.93578703704,2,113,6.693509101867676,-0.0013471494086434,-0.0071297921240329,-5.132665634155273,0.9438321497402112,0.9438560872611672,0.89086431345996
18,57145.93337962963,57145.93578703704,2,114,7.445117950439453,-0.0073538454963642,-0.0053828544914722,-4.465606212615967,-0.9512029046146852,0.9511995701780857,-0.9047806223069746
18,invalid_time,57145.93578703704,2,115,6.144492149353027,0.0055416604155418,0.0077105611562728,-3.860573530197144,0.948867523068345,0.9488763718440238,0.9003663690438782
18,57145.93337962963,57145.93578703704,2,116,4.918532371520996,0.0042446228785903,0.0066156908869743,-4.123530387878418,0.9495956758984716,0.9496112400232009,0.9017615071784012
18,57145.93337962963,57145.93578703704,2,117,4.771857261657715,-0.0051400418324719,-0.0088240429759025,-4.449789047241211,0.945012465423908,-0.9450234163744942,0.8930692574961206
18,57145.93337962963,57145.93578703704,2,118,5.173100471496582,0.0047313135427438,-0.0018440783023834,-5.095574855804443,0.9508808231115052,0.950894136791954,0.9041996593853155
18,57145.93337962963,57145.93578703704,2,119,4.842647552490234,0.0128961913633679,0.0066258125007152,-4.078286170959473,0.9514991248979084,0.9514368252012452,0.9052320323490248
18,57145.93337962963,57145.93578703704,2,120,4.771644592285156,-0.0116048937717386,-0.0158617123961448,-5.022862434387207,0.946621337448802,0.9465751716254782,0.8960045555378036
18,57145.93337962963,57145.93578703704,2,120,4.771644592285156,-0.0116048937717386,-0.0158617123961448,-5.022862434387207,0.946621337448802,0.9465751716254782,0.8960045555378036
18,57145.93337962963,57145.93578703704,2,121,3.8681116104125977,-0.0060360493901808,-0.003320787101984,-3.795269012451172,0.9332305742060863,0.9332356724569374,0.870928820346152
18,57145.93337962963,57145.93578703704,2,122,3.5675015449523926,-0.0148776947401567,-0.0105358622968196,-5.1255202293396,0.9485999278789162,0.948508272622237,0.89966794323282
18,57145.87189031,57145.93578703704,2,123,4.171535491943359,-0.0103862825869305,-0.0055851340293884,-4.03558874130249,0.9457726119826616,0.9457405288798696,0.8944251479659752
18,57145.93337962963,57145.93578703704,2,124,4.446599006652832,-0.0176896573971259,-0.0115321855992078,-3.783325433731079,0.9394239331021984,0.9392821456087984,0.8822509490594682
18,57145.93337962963,57145.93578703704,2,125,4.786012649536133,-0.01062290235085,-0.0061488151550292,-5.242262840270996,0.9400254801801252,-0.9399902523402902,-0.8835816744947624
18,57145.93337962963,57145.93578703704,2,126,4.223661422729492,-0.0005329779948578,0.0013559348881244,-4.358124732971191,-0.9387435556764678,0.9387681690835358,0.8812856752844541
18,57145.93337962963,57145.93578703704,2,128,4.6140241622924805,-0.0041593987934424,0.00476635992527,-4.903171539306641,0.942559257462262,0.9425749450891258,0.8884475271097684
19,57145.93597222222,57145.938472222224,2,-10,3.5676660537719727,0.0123853141903053,0.0030109882354736,-3.4800727367401123,0.9293495922055722,0.929290699007958,0.863581203262699
19,57145.93597222222,57145.938472222224,2,-10,7.319639205932617,-5.178168345137686e-06,-3.4611672163009644e-05,-4.601521015167236,0.9552937898995216,0.9553180911228067,0.9126326552265236
19,57145.93597222222,57145.938472222224,2,-10,5.910102367401123,0.0015367945561844,-63.407414855309526,-3.7407073974609375,,0.943959756576314,0.8910600220356141
19,57145.93597222222,57145.938472222224,2,0,459.88121032714844,-0.0071494021224775,-0.0085256351158022,-3.643476009368897,0.9227242240310524,0.9227199983211252,0.8514121953017374
19,57145.93597222222,57145.938472222224,2,1,3.876354217529297,-0.0187341778401811,-0.0210907347500324,-4.034129142761231,0.926092165152731,0.9259262098681286,0.8573393461207576
19,57145.93597222222,57145.938472222224,2,2,3.478332996368408,0.0032972386180763,0.0019374154508113,-3.607048511505127,0.924327815962432,0.9243454483908724,0.854414507960923
19,57145.874482902596,57145.938472222224,2,3,7.910411834716797,-0.0056769750131522,-0.0066550523042678,-7.979122638702393,0.9797007210596672,0.9797092239097008,0.9598301634137484
19,57145.93597222222,57145.938472222224,2,4,8.097297668457031,0.0031729290490837,0.0077832788228988,-7.843334674835205,0.9550910146282636,-0.955110093398716,0.912235290512104
19,57145.93597222222,57145.938472222224,2,7,4.301594734191895,0.0064060529590433,0.0040683448314666,-3.623474359512329,0.9287928411879232,0.9287943756007164,0.8626589921475245
19,57145.93597222222,57145.938472222224,2,8,4.182060241699219,0.0023007481012115,0.0025952979922294,-4.714592933654785,0.9229066343787428,0.9229272438480876,0.8517946974370274
19,57145.93597222222,57145.938472222224,2,9,3.5989696979522705,0.0062640629062299,0.0052364692091941,-4.751855373382568,0.9220132162190724,0.922015391362426,0.8501123819092075
19,57145.93597222222,57145.938472222224,2,10,3.9235782623291016,0.0062065112351363,0.0089721232652664,-4.249198913574219,0.9233620797637856,0.9233647089605036,0.8526023857537156
19,57145.93597222222,57145.938472222224,2,11,3.637965679168701,0.0027346156580495,-0.001027163118124,-3.7599925994873047,0.9299564800858532,0.9299761159848672,0.8648555763022994
19,57145.93597222222,57145.938472222224,2,11,3.637965679168701,0.0027346156580495,-0.001027163118124,-3.7599925994873047,0.9299564800858532,0.9299761159848672,0.8648555763022994
19,57145.93597222222,57145.938472222224,2,12,3.5212502479553223,-1.7542922730968845e-05,-0.0061644352972507,-3.479288101196289,0.9274493733401884,0.927472966091512,0.8602061028305866
19,57145.93597222222,57145.938472222224,2,13,3.826870441436768,-748.2842277231209,-63.407414855309526,-3.5359857082366943,0.9192692294264222,0.9192161207409904,0.8449582766301149
19,57145.93597222222,57145.938472222224,2,14,3.537590503692627,0.0048772921303088,0.0058624595403671,-4.12384033203125,-0.91606600764294,0.9160763267933588,0.8391958365112128
19,57145.874482902596,57145.938472222224,2,15,3.490054130554199,-0.006785792874769,-0.0056095793843269,-3.991206407546997,0.9342965896637574,0.934295713217016,0.8729084797356929
19,57145.93597222222,57145.938472222224,2,16,3.6572470664978014,0.0015506841434491,0.0050426237285137,-4.110141754150391,,0.9274730661110746,0.8602062883614777
19,57145.93597222222,57145.938472222224,2,17,5.535465240478516,0.0073889310626744,-0.0001313388347625,-6.866812705993652,1.1059414959661669,1.1059449453729049,1.223114222195877
19,57145.93597222222,57145.938472222224,2,18,5.46738338470459,-0.0086204350866661,-0.005930583924055,-5.906696319580078,1.1232378881831475,1.1232333810126884,1.2616532282211954
19,57145.93597222222,57145.938472222224,2,19,3.5241384506225586,0.0027844070869943,0.0036623515188694,-7.596147060394287,0.931250228781932,0.931269755629919,0.867263357751009
19,57145.93597222222,57145.938472222224,2,21,4.000283241271973,-748.2842277231209,0.0076941698789596,-4.289483070373535,0.9368305262132012,0.9367832417147928,0.8775628419576756
19,57145.93597222222,57145.938472222224,2,22,3.778980255126953,-0.0038434575734668,-0.0021652169525623,-4.100587844848633,0.9275741908651556,0.9275898239259016,0.860422881450885
19,57145.93597222222,57145.938472222224,2,23,3.475459575653076,-0.0107156904798793,-0.0108556300401687,-4.064231872558594,0.9416006921344758,0.9415636676731652,0.8865421402821428
19,57145.93597222222,57145.938472222224,2,24,4.0283918380737305,-0.0010899477508953,-0.0142453219741582,-6.088563919067383,0.9384993495025492,0.9385225905803378,var-error
19,57145.93597222222,57145.938472222224,2,25,3.996288061141968,0.0026963667970701,0.003033653832972,-5.455394744873047,0.9387498866155778,0.9387698945136708,0.8812889148452088
19,57145.93597222222,57145.938472222224,2,26,3.9490909576416016,-0.0013178868710977,-0.0083619430661201,-4.229816436767578,0.9359225538398032,0.9359454344096096,0.8759938561921926
19,57145.93597222222,57145.938472222224,2,27,3.918989181518554,0.0051345525803071,0.0172712933272123,-6.3723344802856445,0.9376940562275128,0.9377038515981618,0.8792885133020275
19,57145.93597222222,57145.938472222224,2,28,4.180070877075195,0.0114482298799372,0.0070367604494094,-5.990629196166992,0.9405484642071844,0.9405027128323028,0.884545352844921
19,57145.93597222222,57145.938472222224,2,29,4.213963985443115,-0.0034421989470125,-0.0061980984173715,-4.737629890441895,0.9321237227897552,0.9321410786590562,0.8688869905236688
19,57145.93597222222,57145.938472222224,2,30,4.084913730621338,-0.0023023041564475,0.0005890615284442,-5.1185407638549805,,0.9415134806292194,0.8864476342065475
19,57145.93597222222,57145.938472222224,2,31,3.956069946289064,0.001819174344707,-0.0004049837589263,-4.375049114227295,0.9340829844069491,0.9341049745590384,0.8725521034959417
19,57145.93597222222,57145.938472222224,2,32,6.370025634765625,-0.0003529623861352,-0.0063862577080726,-6.236454963684082,0.9437406557201776,-0.94376459705686,0.8906916146578971
19,57145.93597222222,57145.938472222224,2,33,4.403603553771973,-0.0099008399366803,-0.0114625338464975,-5.513877868652344,0.942734951494426,0.9427069399399788,0.8886963746109985
19,57145.93597222222,57145.938472222224,2,34,4.90196704864502,0.003444480449183,0.0074962973594665,-4.5926833152771,0.9475102461513816,0.947528088353662,0.8978094782191451
19,57145.93597222222,57145.938472222224,2,35,4.011209964752197,-748.2842277231209,-0.0052935183048248,-3.578222274780273,0.9476798019653284,0.9477017327731868,0.898138574301301
19,57145.93597222222,57145.938472222224,2,36,4.011096477508545,-0.0011095162986626,-0.0092090964317321,-3.936400890350342,0.9441999868203418,0.9442233539425896,0.8915577421305928
19,57145.93597222222,57145.938472222224,2,37,5.180284023284912,0.0070023108814362,0.002781331539154,-4.365371227264404,0.9518868692740294,0.9518853274914552,0.9060856766935153
19,57145.93597222222,57145.938472222224,2,38,402.870512008667,-0.0092148437036984,-0.0060782879590988,-4.34033727645874,0.94639468229301,0.946373893459376,0.8956235462214583
19,57145.93597222222,57145.938472222224,2,39,4.423710346221924,-0.0008616303519924,-0.0039133206009864,-4.150491714477539,0.9663490393978328,0.9663732377244628,0.9338772345900608
19,57145.93597222222,57145.938472222224,2,40,4.400599002838135,-0.0126052494782707,-0.0203306712210178,-4.351780891418457,0.9545727811735052,0.9545138313987578,0.9110966543315364
19,57145.93597222222,57145.938472222224,2,41,4.654853343963623,-0.0107590869761526,-0.0079496353864669,-4.935229301452637,0.952746155632308,,0.9076556561472529
19,57145.93597222222,57145.938472222224,2,42,4.00499439239502,0.0014029726343237,-0.0021061059087514,-5.659459114074707,0.9533505138313464,0.9533737332843584,0.9089214753165548
19,57145.93597222222,57145.938472222224,2,43,3.8552534580230713,-0.0051440870590048,0.0025705806910991,-5.273660659790039,0.9615926572773792,0.9616033590270064,0.9246810200920218
19,57145.93597222222,57145.938472222224,2,44,4.339030742645264,0.0031755682882482,0.0023094643838703,-5.964711666107178,0.9811008202431074,0.9811206385837896,0.9625977074550632
19,57145.93597222222,57145.938472222224,2,45,4.661581039428711,0.0013290789868699,-0.0001785084605216,-5.302849769592285,0.9821574120853428,0.982181497398728,var-error
19,57145.93597222222,57145.938472222224,2,45,4.661581039428711,0.0013290789868699,-0.0001785084605216,-5.302849769592285,0.9821574120853428,0.982181497398728,var-error
19,57145.93597222222,57145.938472222224,2,46,517.2451019287109,0.0053640813572903,0.0042778551578521,-5.468189239501953,0.9779314665279504,0.9779416318066756,0.9563698352207032
19,57145.93597222222,57145.938472222224,2,47,5.150480270385742,0.0021913333787057,0.0061834752559661,-5.254630088806152,0.9814717816178532,0.981494302422127,0.9633310656870976
19,57145.93597222222,57145.938472222224,2,48,6.050230979919434,-0.0012605981401891,-0.0039186626672744,-4.659984588623047,0.9774799046871788,0.9775039574253666,0.9555139867822529
19,57145.93597222222,57145.938472222224,2,49,4.697957992553711,-0.0037023891454337,-0.0110737532377243,-5.656303882598877,0.9781115470640868,0.9781294213275852,0.9567371648666364
19,57145.93597222222,57145.938472222224,2,50,4.95074462890625,-0.0006153631811725,-0.0013579726219177,-5.609795570373535,0.9670207263711268,0.967045130126045,0.9351762837004992
19,57145.93597222222,57145.938472222224,2,51,5.384916305541992,0.0069310120831417,0.0107496380805969,-6.111794471740723,0.9729362201417108,0.972936281630546,0.9466050081130736
19,57145.93597222222,57145.938472222224,2,52,6.354702949523926,0.0022681472121262,0.0090184770524501,-5.32794189453125,0.9759764770069388,0.9759986687487524,0.9525734013993368
19,57145.93597222222,57145.938472222224,2,53,5.566576957702637,0.0045645145949459,-0.0061100050806999,-5.263581275939941,0.9709965608423772,0.9710105326404452,0.942861454498681
19,57145.93597222222,57145.938472222224,2,54,5.232933521270752,-0.0005778207753147,-0.0023919828236103,-5.287715911865234,0.9634489471880217,0.9634732826041664,0.928280766292048
19,57145.93597222222,57145.938472222224,2,55,5.577509880065918,0.0006198022591054,-0.00063406676054,-4.172477722167969,0.9717382369913092,0.9717627588818338,0.9443228595496332
19,57145.93597222222,57145.938472222224,2,56,6.321117401123047,0.0097984841373822,0.0033477395772933,-4.286018371582031,0.9620087128607576,0.961983281405,0.9254118337027316
19,57145.93597222222,57145.938472222224,2,57,7.772541522979736,0.0114919451638778,0.0166754722595214,-5.226140975952148,,0.9629412993970048,0.9272559460843924
19,57145.93597222222,57145.938472222224,2,58,7.349705696105957,0.0103258297058673,0.0062533318996429,-5.5410332679748535,0.9580345853659152,0.9580033079203328,0.9177703379863
19,57145.93597222222,57145.938472222224,2,59,7.464947700500488,-0.0063783092426168,-0.0067849308252334,-6.981237411499023,0.957509200358438,0.9575123143227582,-0.9168298320797243
19,57145.93597222222,57145.938472222224,2,60,6.512784004211426,0.0068374903899617,0.0126001238822937,-7.277920722961426,0.9530602101086092,0.953059927894815,0.90832322615887
19,57145.93597222222,57145.938472222224,2,61,6.472354412078857,-0.0013584608327628,0.0021011382341384,-7.623876571655273,0.959121472478708,0.9591449090270971,0.9199589565125984
19,57145.93597222222,invalid_time,2,62,6.768975734710693,-0.0055349977920068,0.0102405082434415,-8.11944580078125,0.9484868026609392,0.9484947801499074,0.8996423479716211
19,57145.93597222222,57145.938472222224,2,63,7.391273498535156,-748.2842277231209,-0.0067721009254455,-6.937792778015137,,0.9548302352835044,0.9117007782115522
19,57145.93597222222,57145.938472222224,2,64,6.4274187088012695,-0.0049322414687259,-0.0121360681951045,-6.552701950073242,0.9510304636838948,0.951041876093754,0.9044806500839274
19,57145.93597222222,57145.938472222224,2,65,6.959004878997803,0.0070941769007822,-0.0010152459144592,-8.005974769592285,0.9499061310508145,0.9499038071852502,0.902317242905033
19,57145.93597222222,57145.938472222224,2,66,7.007724761962891,0.0085113601464226,0.0154149532318115,-7.348649024963379,0.9606581250215466,0.960644859739088,0.9228385465431318
19,57145.93597222222,57145.938472222224,2,67,5.805742263793945,-0.006228160452474,-0.0003057792782783,-5.712811470031738,0.9442670244366552,0.9442705071364744,0.8916467906477744
19,57145.93597222222,57145.938472222224,2,68,5.085517883300781,-0.0018742696079087,-0.0061578303575515,-7.147700786590576,0.944184445557687,0.9442066050872991,
19,57145.93597222222,57145.938472222224,2,69,6.926464080810547,0.0085525489348277,0.0102967955172061,-7.009379386901856,0.946496879193473,0.9464823168987448,0.8958287762020161
19,57145.93597222222,57145.938472222224,2,70,5.928055286407471,0.0018422972474047,0.0106585472822189,-7.437613487243652,0.9576366363657678,0.9576592275321548,0.9171111960774836
19,57145.93597222222,57145.938472222224,2,71,6.899857044219971,0.0060345872930914,0.0054397284984588,-7.659875392913818,0.9517302465274284,,0.905800130883666
19,57145.93597222222,57145.938472222224,2,73,5.3668060302734375,-0.0007974951626849,0.0058284699916839,-6.110215663909912,0.9474831510957866,0.9475069180083612,0.897769359673703
19,57145.93597222222,57145.938472222224,2,74,6.352112770080566,-748.2842277231209,0.0007853731513023,-5.9137372970581055,0.9438799069461784,0.9439026719150108,var-error
19,57145.93597222222,57145.938472222224,2,76,6.279387950897217,0.0113540705902784,0.0077189300209283,-4.761350631713867,0.9429434630901228,0.94289908822287,0.8890586905715196
19,57145.93597222222,57145.938472222224,2,77,7.117216110229492,0.0075553232753195,0.0019595995545387,-4.506588935852051,0.9457445650460636,0.9457384432963356,0.8944212031285763
19,57145.93597222222,57145.938472222224,2,78,602.320671081543,0.0008024140638266,-63.407414855309526,-434.83290672302246,0.9449300269378746,0.9449537238316236,0.892937540183252
19,57145.93597222222,57145.938472222224,2,78,602.320671081543,0.0008024140638266,-63.407414855309526,-434.83290672302246,0.9449300269378746,0.9449537238316236,0.892937540183252
19,57145.93597222222,57145.938472222224,2,79,6.047145843505859,-0.000853208662096,0.0011427216231822,-3.847584009170532,0.9417684699565556,0.941792040631851,0.8869722477975059
19,57145.93597222222,57145.938472222224,2,81,6.591354370117188,0.0011981703610321,0.0022334232926368,-4.7357940673828125,0.9329112802728212,0.9329342426869636,0.8703663011778979
19,57145.93597222222,57145.938472222224,2,82,5.488733291625977,-0.008155307825721,-0.0041291490197181,-4.122366428375244,0.9417966498300624,0.9417852964966822,0.8869595446973435
19,57145.93597222222,57145.938472222224,2,83,5.301041126251221,-0.0034150998444494,-0.0007120221853256,-4.032049655914307,0.948464604887567,0.9484825839153536,0.8996192119907457
19,57145.93597222222,57145.938472222224,2,84,6.029815673828125,-0.0049039181642984,0.0014594346284866,-4.261815547943115,0.9335965862599552,0.9336074556907176,0.8716228813212953
19,57145.93597222222,57145.938472222224,2,85,7.494365215301514,-0.0089036570104075,-0.0087883472442626,-6.2218427658081055,0.939269334953582,0.9392510261180328,0.8821924900637778
19,57145.93597222222,57145.938472222224,2,86,7.299931526184082,-0.0061363500590935,-0.0061757490038871,-6.253026485443115,0.9379793576491569,0.937983145415474,0.8798123810835062
19,57145.93597222222,57145.938472222224,2,87,5.635719299316406,-2.2344159775041208e-05,0.002270015887916,-5.867170810699463,0.938256291698182,0.9382801592611076,0.8803696572630496
19,57145.93597222222,57145.938472222224,2,88,5.462226867675781,0.0043411253777885,0.0047713294625282,-664.068078994751,0.9434653970236608,0.9434794097439488,0.89015339661079
19,57145.93597222222,57145.93633032075,2,89,5.62600564956665,-0.0046563534649152,-0.0058606415987014,-4.05150032043457,0.9427729861978952,0.9427854697029908,0.8888444418830893
19,57145.93597222222,57145.93633032075,2,89,5.62600564956665,-0.0046563534649152,-0.0058606415987014,-4.05150032043457,0.9427729861978952,0.9427854697029908,0.8888444418830893
19,57145.93597222222,57145.938472222224,2,91,4.980123519897461,-0.0011160608530867,-0.0014969632029533,-7.055530548095703,0.9366358917934104,-0.9366590558808954,0.8773301869636903
19,57145.93597222222,57145.938472222224,2,93,4.715496063232422,-0.0147602955014155,-0.0121041126549243,-5.993635654449463,0.9394026032550276,0.9393105300983992,
19,57145.93597222222,57145.938472222224,2,94,4.625848293304443,-0.0106020620482506,-0.009714737534523,-6.24239444732666,0.9345007015223944,0.9344643292926432,0.8732235827203493
19,57145.93597222222,57145.938472222224,2,95,4.947972297668457,-0.010116481538173,-0.0077124014496803,-7.513281345367432,,0.9448617746932132,0.8927637732764081
19,57145.93597222222,57145.938472222224,2,96,4.735944271087647,-0.005580109696855,-0.0049881115555763,-7.418547630310059,0.9418394888596412,0.9418469170561602,0.8870756151681936
19,57145.93597222222,57145.938472222224,2,97,5.406304359436035,-0.0001270841718519,0.0071929935365915,-5.741050720214844,0.9405983523350328,0.9406222723745556,0.8847702592870726
19,57145.93597222222,57145.938472222224,2,98,4.4206223487854,0.0064998579050295,0.0088696181774139,-8.14594841003418,,0.9463558327241868,0.8955893621310891
19,57145.93597222222,57145.938472222224,2,99,4.322292804718018,-748.2842277231209,-0.0091515183448791,-5.343542098999023,0.9481745953381782,0.9481951770779954,0.899074093833971
19,57145.93597222222,invalid_time,2,101,6.235837936401367,0.0065444193577726,0.0090238135308027,-7.846445560455322,0.948153749938644,0.948155283004512,0.8989984406893664
19,57145.93597222222,57145.938472222224,2,102,5.069052696228027,0.0030016396211753,0.0044062929227948,-8.242629051208496,0.9500683019112012,0.9500877284071532,0.9026666916698646
19,57145.93597222222,57145.938472222224,2,103,7.179059505462647,-0.0006645889269982,-0.0009591281414031,-4.885789394378662,0.9501815989028034,0.9502055388996442,0.9028905661555632
19,57145.93597222222,57145.938472222224,2,104,6.1966423988342285,0.0035818008891754,0.0077758179977536,-7.429324150085449,0.9480480264099777,0.9480653769653056,0.8988279590003667
19,57145.93597222222,57145.938472222224,2,105,5.061305999755859,0.0077899654861539,0.0024002059362828,-6.536909580230713,0.9534287415720708,0.9534211701664056,0.909011927721478
19,57145.93597222222,57145.938472222224,2,107,5.93703031539917,0.0045655439925726,0.0081285312771797,-4.589503288269043,0.9499894019712796,0.950002597180793,0.902504934650252
19,57145.93597222222,57145.938472222224,2,107,5.93703031539917,0.0045655439925726,0.0081285312771797,-4.589503288269043,0.9499894019712796,0.950002597180793,0.902504934650252
19,57145.93597222222,57145.938472222224,2,110,5.1539835929870605,0.0040279996120736,-0.0032897572964429,-5.491847991943359,0.9436838711587424,0.9436992802865952,0.890568331613438
19,57145.93597222222,57145.938472222224,2,111,7.062912940979004,-0.0046088167652052,-0.011420652270317,-5.613177299499512,0.959839558237842,0.9598529097973408,0.9213176084464222
19,57145.93597222222,57145.938472222224,2,112,5.668914794921875,-0.0064906984818572,-0.0082955658435821,-5.299317359924316,0.945202636147876,0.9452043940660684,0.8934113465618038
19,57145.93597222222,57145.93633032075,2,113,6.2258806228637695,-0.0004933569644518,0.0061122179031372,-5.438395023345947,0.9473118031282368,0.947335772843172,0.8974450665083701
19,57145.93597222222,57145.938472222224,2,114,5.953858375549316,-0.0037527525708694,-0.0060086287558078,-5.928317070007324,0.9538177757345908,0.9538346566909782,0.9098005523047964
19,57145.93597222222,57145.938472222224,2,115,4.45506477355957,-0.0033837365653474,-0.0008185878396034,-7.473418235778809,0.9453804722058144,0.9453984654997588,var-error
19,57145.93597222222,57145.938472222224,2,116,4.4203410148620605,0.0002904703526382,0.0052502155303955,-6.404263496398926,0.9524626769848124,0.9524868619097118,0.9072312221106104
19,57145.93597222222,57145.93633032075,2,117,3.999843835830689,0.0046826851141218,0.0129472762346267,-5.6576738357543945,0.9464918941114716,0.9465043874905776,0.8958705555389137
19,57145.93597222222,57145.938472222224,2,119,5.325206756591797,-0.011445488713432,-63.407414855309526,-5.45134973526001,,0.9382194199985072,0.8802556800623352
19,57145.93597222222,57145.938472222224,2,120,5.087892055511475,0.0053854885227619,-0.0001262798905372,-6.357843399047852,0.9443166342155797,0.9443252988297766,0.8917502700099469
19,57145.93597222222,57145.938472222224,2,121,5.656784057617188,0.0049393676397344,0.0081330314278602,-4.682198524475098,0.946114810044828,0.94612598392495,0.8951543774579546
19,57145.93597222222,57145.938472222224,2,122,5.102878570556641,0.0075559717318077,0.0037442743778228,-3.9533958435058594,0.9413277791589588,0.941321398235774,0.8860859747765525
19,57145.93597222222,57145.938472222224,2,123,6.037034034729004,-0.0097025832776123,-0.0119511894881725,-4.65944766998291,0.939460303584946,0.9394340961317956,0.882536420974964
19,57145.93597222222,57145.938472222224,2,124,5.440479278564453,-0.0029700922090202,0.0016384925693273,-5.008781433105469,0.9412884274441152,0.9413076864385036,0.8860601605482081
19,57145.93597222222,57145.938472222224,2,125,7.241191387176514,-0.0120911364967682,-0.0136313755065202,-4.651834487915039,0.9455829113962886,0.9455296560012916,0.8940263303779208
19,57145.93597222222,57145.938472222224,2,126,6.658052921295166,-0.0115844861310132,-0.0081122331321239,-4.248048305511475,0.9433170408866044,-0.9432699008221492,0.8897581057970272
19,57145.93597222222,57145.938472222224,2,127,762.3953342437744,0.0044847593482054,0.0105147287249565,-4.120875835418701,0.948348237449416,0.9483617574112488,0.8993900229201525
19,57145.93597222222,57145.938472222224,2,128,7.109696865081787,0.0088577904996427,0.0121871829032897,-5.379848480224609,,0.9474178911922612,0.8976006605511915
20,57145.93865740741,57145.94115740741,2,-10,5.829026222229004,0.0065083605431377,0.0010125711560249,-453.72300148010254,0.9633735513655314,0.9633760727335556,0.928093457515529
20,57145.93865740741,57145.94115740741,2,0,4.381740570068359,-0.0004916874301234,0.0028320141136646,-3.941910982131958,0.916489066360929,0.9165122485683254,0.8399947017757677
20,57145.93865740741,57145.94115740741,2,1,3.996472358703613,0.0072771670448123,0.0056730732321739,-3.560612678527832,,0.9168829304965276,0.8406743082359001
20,57145.93865740741,57145.94115740741,2,2,3.434730529785156,0.0080766829674201,0.0100767463445663,-3.368940830230713,0.9096720990106716,0.9096593829602542,0.8274801930076303
20,57145.93865740741,57145.94115740741,2,3,8.18112564086914,0.0085414405688145,-63.407414855309526,-6.6891632080078125,0.9690911776530342,0.9690782280843556,0.9391126121471144
20,57145.93865740741,57145.94115740741,2,4,7.735596656799316,0.0088056869846404,0.0014796257019042,-7.620345592498779,0.9533845889285972,,0.9089109718296248
20,57145.93865740741,57145.94115740741,2,5,3.7585859298706055,-0.0019141829604931,-0.0018801353871822,-4.270109176635742,0.9289142399316308,0.9289358978137372,0.8629219022470143
20,57145.93865740741,57145.94115740741,2,6,3.628648519515991,0.0091587482419683,0.0052875503897666,-4.463227272033691,0.9118771281926968,0.9118543281430446,0.8314783157532032
20,57145.93865740741,57145.94115740741,2,7,3.7873685359954834,0.0093361305661945,0.0017827115952968,-3.8472585678100586,0.918952846172909,0.9189287951637928,var-error
20,57145.87716808778,57145.94115740741,2,8,4.237382888793945,-0.0045592759969565,-0.0071119591593742,-4.359986305236816,0.9292815822778474,0.9292940370068382,var-error
20,57145.93865740741,57145.94115740741,2,9,3.705566644668579,0.0021887443374603,-0.0032230094075202,-4.028543472290039,0.925257183560264,,0.8561396212748765
20,57145.93865740741,57145.94115740741,2,10,3.7091782093048096,0.0001586644160849,0.0046362541615962,-3.956125736236572,0.917585980905086,-0.9176093091943756,0.8420068443201792
20,57145.93865740741,57145.94115740741,2,11,3.546065330505371,0.0083355137713829,0.0086670964956283,-3.9102437496185294,0.9126100888324148,0.912595235425166,0.832830063720714
20,57145.93865740741,57145.94115740741,2,12,3.921073436737061,-0.0030322037331152,-0.0088355243206024,-3.823547840118408,0.9217163484045676,0.9217348077665558,var-error
20,57145.93865740741,57145.94115740741,2,13,3.885140419006348,-0.0051890775633778,-0.006172901019454,-3.885267496109009,0.9187073335477404,0.9187160490187282,0.8440391787245821
20,57145.93865740741,57145.94115740741,2,14,3.757827281951904,0.0022583547355584,0.0065628439188003,-4.569270610809326,0.923113643015156,0.9231343630834457,0.8521770523054786
20,57145.93865740741,57145.94115740741,2,15,3.97689151763916,0.0118732752704545,0.0140337571501731,-4.420839309692383,0.9299294277087436,0.9298772801142238,0.8646717560726265
20,57145.93865740741,57145.94115740741,2,16,3.990244388580322,0.0055886078788434,0.0111024044454097,-3.950539112091065,0.9296219208960456,0.929628769984197,0.864209649982331
20,57145.93865740741,57145.94115740741,2,18,5.710967063903809,0.0102550018585685,0.0012113591656088,-6.337616920471191,1.1484821267942402,1.148465556004153,1.3189731333279284
20,57145.93865740741,57145.94115740741,2,19,385.3395700454712,-0.0131683667326072,-0.0105253309011459,-3.927760124206543,0.9258562121458987,0.925786111189536,0.8570799236714443
20,57145.93865740741,57145.94115740741,2,20,6.70882511138916,-0.0092494690926851,-0.009951289743185,-5.075963020324707,0.9375312469300072,0.9375094674694816,-0.8789240015949109
20,57145.93865740741,57145.94115740741,2,21,4.324983596801758,0.0059461145019094,0.0035655796527862,-5.438003540039063,0.9239593991725747,0.9239637695997034,0.8537090475328937
20,57145.93865740741,57145.94115740741,2,22,4.920352935791016,0.0057668007557167,0.0103961154818534,-3.784356117248535,0.933314071953361,0.9333199973593274,0.8710862174708148
20,57145.93865740741,57145.94115740741,2,23,4.599808692932129,0.0065044695467514,0.0071835331618785,-4.01082706451416,0.9261793508542894,0.9261800704657204,0.8578095229278866
20,57145.93865740741,57145.94115740741,2,24,5.171420097351074,0.0089989206191494,-0.0022874176502227,-4.811859130859375,0.9359530814609964,0.9359336275781638,0.875971755231621
20,57145.93865740741,57145.94115740741,2,25,5.699092864990234,0.0076036202323012,0.0015930756926536,-512.9611492156982,0.9370581041470728,,0.8780647470957355
20,57145.93865740741,57145.94115740741,2,26,5.01646614074707,-0.0016896795960655,-0.0032911300659179,-3.68253755569458,0.9338855378367442,0.933907765871102,0.8721837151543529
20,57145.93865740741,57145.94115740741,2,27,5.60108757019043,0.017407685566167,0.0061232484877109,-4.2322540283203125,0.9363915513618538,0.9362535476698108,0.8765707055243068
20,57145.93865740741,57145.94115740741,2,28,7.206233024597168,0.0063759658559944,-0.0033224448561668,-4.414083480834961,0.9489676199249356,0.948970339885873,0.9005447059831093
20,57145.93865740741,57145.94115740741,2,29,6.223332405090332,-0.0011090183383066,0.0052236393094062,-4.782886505126953,0.9519146315361596,-0.9519382007709218,0.9061863380869798
20,57145.93865740741,57145.94115740741,2,31,5.086289882659912,0.0090436593503954,0.0018475521355867,-3.632458448410034,0.9451103707688268,0.9450911419628822,0.8931972666167048
20,57145.93865740741,57145.94115740741,2,32,6.358238220214844,0.0008909968933158,-0.0032163262367248,-4.884376525878906,0.9541157750226708,0.954139631490503,0.9103824363808328
20,57145.93865740741,57145.94115740741,2,33,5.0597758293151855,-748.2842277231209,0.0145266056060791,-4.236213684082031,0.944672389353981,0.944630355011832,0.8923265076097797
20,57145.93865740741,57145.94115740741,2,34,3.762108325958252,0.0037648698886345,0.0021718516945838,-4.340298652648926,0.9494753395993668,0.9494920283534344,0.9015351119067192
20,57145.93865740741,57145.94115740741,2,35,3.71786379814148,0.0034961056844904,0.0127011872828006,-4.901865005493164,0.9492166026127892,0.9492343107318186,0.9010457766705108
20,57145.93865740741,57145.94115740741,2,36,4.268014430999756,0.0038760676799496,0.0096630454063415,-4.832005500793457,0.9622360897957374,0.9622527606401878,0.9259303753596628
20,57145.93865740741,57145.94115740741,2,37,4.842325687408447,-0.0014005124855215,0.0016047582030296,-6.404115676879883,0.968158354521552,0.968181970015435,0.9373763270629688
20,57145.93865740741,57145.94115740741,2,38,4.311653137207031,0.0071160304819214,0.0149199832230806,-4.512259483337402,0.9679585435971496,0.9679570089328762,0.93694077114228
20,57145.93865740741,57145.94115740741,2,40,4.054769515991211,-0.0003858896927194,0.0130436271429061,-4.908278942108154,0.9608813281290538,0.9609056940163678,0.9233397527930776
20,invalid_time,57145.94115740741,2,41,5.391047477722168,-0.0101708711122492,-0.0103800930082798,-5.227499008178711,0.9757375884913364,,0.95200882847328
20,57145.93865740741,57145.94115740741,2,42,4.186469078063965,0.0084319882894463,0.0110407918691635,-6.061193466186523,-0.9710790674498012,0.97106716067023,var-error
20,57145.93865740741,57145.94115740741,2,44,3.9442081451416016,0.0083891623037517,0.009261630475521,-5.929383277893066,0.9761747674495836,0.976163550413951,0.95289527715677
20,57145.93865740741,57145.94115740741,2,45,5.285605430603027,0.0033864952531167,0.0074494443833827,-5.582621574401856,0.9786743374669188,0.97869337417885,0.9578407206615824
20,57145.93865740741,57145.94115740741,2,46,7.948773860931396,-0.0038991495868832,-0.0038854256272315,-598.3208179473877,-0.9817262167117544,0.9817434469417898,0.9638201956131468
20,57145.93865740741,57145.94115740741,2,47,7.744633197784424,0.0034446859633238,0.0005052983760833,-6.319657325744629,0.9871748232793516,0.9871939266185884,0.974551848752627
20,57145.93865740741,57145.94115740741,2,48,7.217553615570068,0.0063208541773871,0.0050223171710968,-7.748544692993164,0.9933138969137962,0.9933190548324704,0.9866827446932724
20,57145.93865740741,57145.94115740741,2,49,8.786937713623047,0.0023718501904354,0.0041694045066833,-7.644083023071289,,1.0006765024613786,1.0013534625783371
20,57145.93865740741,57145.94115740741,2,49,8.786937713623047,0.0023718501904354,0.0041694045066833,-7.644083023071289,,1.0006765024613786,1.0013534625783371
20,57145.93865740741,57145.94115740741,2,51,8.60152816772461,-0.0019548270460933,-0.0023473501205444,-567.2684669494629,0.9942577015839472,0.9942810735312838,0.9885948531825222
20,57145.93865740741,57145.94115740741,2,52,9.11190128326416,0.0054280601499975,0.0111522078514099,-7.678718566894531,0.9971406352019,0.9971512379314744,0.9943105913082716
20,57145.93865740741,57145.94115740741,2,53,8.491667747497559,-0.0010837600535874,0.0001659989356994,-8.409683227539062,0.9915032475556718,0.991527886577189,0.983127549860227
20,57145.93865740741,57145.94115740741,2,54,8.631903648376465,0.0008934038392232,-0.0022065341472625,-7.640707015991211,0.987313086278706,0.9873377990928544,0.9748359295175218
20,57145.93865740741,57145.94115740741,2,55,8.162881851196289,0.0091338445187331,0.0082870498299598,-8.263912200927734,0.9770016383197238,0.9769837993276348,0.95449734414866
20,57145.93865740741,57145.94115740741,2,57,8.608794212341309,0.0105132146801834,0.0108521282672882,-9.130992889404297,0.9868577461740918,0.986826853919714,0.9738272396170806
20,57145.93865740741,57145.94115740741,2,58,8.875432968139648,0.0079655933443033,-0.000640757381916,-8.826797485351562,0.9857988249993488,0.9857917274626684,0.9717853299338322
20,57145.93865740741,57145.94115740741,2,59,7.612618446350098,0.001952494064061,-0.0032497942447662,-8.756912231445312,0.9743554576163213,0.9743783012967348,0.9494130740379104
20,57145.93865740741,57145.93901550594,2,60,790.6473159790039,-0.0047885914006443,-0.0084839556366205,-8.729135513305664,0.9640488223095486,0.9640614729987792,0.9294145237205756
20,57145.93865740741,57145.94115740741,2,61,6.889683723449707,-0.0007793591289504,-0.007928267121315,-8.586294174194336,0.9689098159971692,0.9689341626986328,0.9388334116445004
20,57145.93865740741,57145.94115740741,2,62,7.033173561096191,-0.0017850135904845,-0.0111110061407089,-8.806482315063477,0.965594801105953,0.9656177181898452,0.9324175776821636
20,57145.93865740741,57145.94115740741,2,63,8.78807258605957,0.006241501296412,0.0045650377869606,-889.5742416381836,0.9716478270593644,0.9716525159471886,0.9441086117465016
20,57145.93865740741,57145.94115740741,2,64,7.109431266784668,0.0102348264969316,0.0133444890379905,-7.684361457824707,0.984164599723782,0.9841364446296048,0.9685245416481992
20,57145.93865740741,57145.94115740741,2,65,6.936614036560059,0.0133553099640059,0.0091286301612854,-7.511215686798096,0.9660578293384856,0.9659901058715964,0.9331368846418184
20,57145.93865740741,57145.94115740741,2,66,6.540704727172852,0.0029497400316342,0.011603757739067,-7.425625801086426,0.9752312799016236,,0.9511157684192534
20,57145.93865740741,57145.94115740741,2,67,7.947006702423096,-0.0084983260634601,-0.0158404782414436,-7.832545280456543,0.954976917595576,0.9549633995282336,0.9119550944385209
20,57145.93865740741,57145.94115740741,2,68,8.21580982208252,-0.0009069022777417,-0.0022404044866561,-8.51284408569336,0.9654011986972946,0.9654253348158344,0.932046077104266
20,57145.93865740741,57145.94115740741,2,68,8.21580982208252,-0.0009069022777417,-0.0022404044866561,-8.51284408569336,0.9654011986972946,0.9654253348158344,0.932046077104266
20,57145.87716808778,57145.94115740741,2,69,7.813478946685791,-0.0004865970841762,0.002732440829277,-856.8940162658691,,0.9660973532427028,0.9333440959425556
20,57145.93865740741,57145.94115740741,2,70,7.650504112243652,-0.0013452047177079,-0.0039719566702842,-7.637862205505371,0.9621345698854064,0.9621581097030384,0.9257482280673238
20,57145.93865740741,57145.94115740741,2,71,8.342527389526367,0.0022707905949099,0.0049654766917228,-7.693936347961426,0.9637535833567183,0.9637754270097796,0.9288630737078828
20,57145.93865740741,57145.94115740741,2,72,8.641683578491211,0.0001876787537462,0.0018646791577339,-6.627715110778809,0.948048386780582,0.9480724875827632,0.8988414417113686
20,57145.93865740741,57145.94115740741,2,73,8.698511123657227,0.000584756360398,0.003523388877511,-588.4577751159668,0.9646491355701868,0.9646734975534736,var-error
20,57145.93865740741,57145.94115740741,2,74,7.399447917938232,0.0070255411749206,0.0068732611835002,-6.265456199645996,0.95948696758289,0.9594856558166022,0.9206127237178152
20,57145.93865740741,57145.94115740741,2,75,8.599715232849121,-0.0022320941813713,-0.0045776665210723,-613.2094383239746,0.9677821206752047,0.9678041654752336,0.9366449027112136
20,57145.93865740741,57145.94115740741,2,76,6.789768218994141,0.0042251078481113,0.001115009188652,-5.715273857116699,,0.9482750588846364,0.8992255873026606
20,57145.93865740741,57145.94115740741,2,77,7.591849327087402,0.0202604870831306,0.018450953066349,-7.022222995758057,0.9619530166973714,0.9617640968130766,0.9249901779186732
20,57145.93865740741,57145.94115740741,2,78,7.346951961517334,0.0038436576391437,-0.0021220594644546,-5.6380934715271,0.9532607124866512,0.9532772127404476,0.9087374443301968
20,57145.93865740741,57145.94115740741,2,79,7.04731559753418,-748.2842277231209,-0.0023403726518154,-6.39268159866333,0.9429862031976852,0.9430083553419164,0.8892647582446661
20,57145.93865740741,57145.94115740741,2,80,5.277711868286133,-0.0016060598710768,-0.0073551088571548,-4.863682746887207,0.945224630985388,0.9452473115902128,0.8934924800685248
20,57145.93865740741,57145.94115740741,2,81,6.417349338531494,-0.0027403127165445,0.0055505782365798,-5.006065368652344,0.9548910375383224,,0.9118557749661536
20,57145.93865740741,57145.94115740741,2,82,4.670461654663086,-0.008064703087845,-0.00750732421875,-5.641009330749512,0.9405856715422596,0.9405750232090072,0.8846813742846247
20,57145.93865740741,57145.94115740741,2,83,4.514490604400635,-0.0011186224413564,0.0025579929351806,-4.956827640533447,0.94407969417433,0.9441030474073848,0.8913305641239108
20,57145.93865740741,57145.94115740741,2,84,4.85576868057251,-0.0033716004521462,-0.0143683683127164,-6.393978118896484,0.9432508430952334,-0.9432688120014584,0.8897560516946424
20,57145.93865740741,57145.94115740741,2,84,4.85576868057251,-0.0033716004521462,-0.0143683683127164,-6.393978118896484,0.9432508430952334,-0.9432688120014584,0.8897560516946424
20,57145.93865740741,57145.94115740741,2,85,3.546106576919556,-748.2842277231209,-63.407414855309526,-5.821235179901123,0.9435754620454684,0.9435994636986048,0.8903799478922944
20,57145.93865740741,57145.94115740741,2,86,4.1318464279174805,0.0031240932248445,0.0106791332364082,-6.23659610748291,0.9478564093051493,0.9478753727644954,0.8984677222934311
20,57145.93865740741,57145.94115740741,2,87,4.191324234008789,-0.0080795339755719,-0.0147701501846313,-5.80323600769043,0.950623022328961,0.9506128684730436,0.903664825706548
20,57145.93865740741,57145.94115740741,2,89,4.440315246582031,-0.0076915256020673,-0.0104530584067106,-5.158809661865234,0.9272089284874706,0.9272006119668056,0.8597009748316187
20,57145.93865740741,57145.94115740741,2,90,4.3854169845581055,-0.0015700034295473,0.0033158957958221,-5.010075569152832,0.9424956987164144,0.9425183667044352,0.888340871575196
20,57145.93865740741,57145.94115740741,2,91,3.838994026184082,-0.0045230376283423,-0.0005187559872865,-6.0574493408203125,0.95057830340301,0.9505917236016256,0.9036246249799096
20,57145.93865740741,57145.94115740741,2,92,4.28348970413208,-0.0032282036983451,-0.0065402090549468,-4.073644638061523,0.9409934966980258,0.941011896608556,0.8855033895588317
20,57145.93865740741,57145.94115740741,2,93,3.488702774047852,-0.0005148970415141,-0.0002629719674587,-3.594874382019043,0.9377165247701708,0.937740237500564,0.8793567530276144
20,57145.93865740741,57145.94115740741,2,94,4.182887077331543,-0.0071964081990897,-0.0034422799944877,-4.111682891845703,0.94442975215276,0.9444263581727907,0.8919411460115204
20,57145.93865740741,57145.94115740741,2,95,4.346091270446777,-0.0067502451673666,-0.0102266371250152,-4.099531650543213,0.9410561703728164,0.941055898568256,0.8855862042301075
20,57145.93865740741,57145.94115740741,2,96,4.723020553588867,-0.0027189999584976,-0.0013502687215805,-4.195376396179199,0.9411714971105036,0.9411915114586612,0.8858414612418394
20,57145.93865740741,57145.94115740741,2,97,4.726412773132324,0.0050176649402158,-0.0089301485568284,-3.969122886657715,0.9366281867989028,0.9366385725617358,0.877291815610486
20,57145.93865740741,57145.94115740741,2,98,4.800514221191406,0.0043015273785962,0.0008991733193397,-4.290613174438477,0.9360099923406195,0.9360239186742244,0.8761407763302512
20,57145.93865740741,57145.94115740741,2,99,7.379010200500488,-0.0001819710957271,-0.0073249042034149,-3.733226537704468,,-0.9443665914796716,0.891828259102933
20,57145.93865740741,57145.94115740741,2,100,6.816692352294922,0.0038254243651678,-0.0058782398700714,-4.275646209716797,0.9470793659228756,0.9470957321800944,0.896990325913749
20,57145.93865740741,57145.94115740741,2,101,6.166267395019531,0.0071209042098909,0.0082674100995063,-3.996321439743042,0.946785698310662,0.946783003409703,0.8963980555454977
20,57145.93865740741,57145.94115740741,2,103,7.426501274108887,0.0059245696666728,0.0094118267297744,-5.685861587524414,0.942922460167439,0.9429278334137956,0.8891128990264348
20,57145.93865740741,57145.94115740741,2,104,5.731099605560303,0.004899021519011,-0.0071506276726722,-3.837724208831787,0.9377270375444864,0.9377380943766528,0.8793527336451564
20,57145.93865740741,57145.94115740741,2,105,4.452936172485352,-0.0017958323490769,0.0030456818640232,-5.001589298248291,0.9369429724893416,0.9369650858341576,0.87790357207221
20,57145.93865740741,57145.94115740741,2,106,5.243003845214844,-0.00793905279558,0.0005857497453689,-5.560873031616211,0.946136077897943,0.9461268363424348,0.8951559904473444
20,57145.93865740741,57145.94115740741,2,107,4.089256763458252,-0.0020713424473079,-0.0030161514878273,-4.814982891082764,0.9317089921616928,0.9317303909082136,0.8681215213419728
20,57145.93865740741,57145.94115740741,2,108,5.362592697143555,-0.0090112262472498,-0.0062470734119415,-4.839486122131348,0.9327088793632636,0.9326890736491654,0.8699089081045382
20,57145.93865740741,57145.94115740741,2,109,4.140278339385986,-0.0064697932222118,-0.0032269805669784,-5.602539539337158,0.9331673946173156,0.9331687041160812,0.8708038303416865
20,57145.93865740741,57145.94115740741,2,110,4.194511890411377,-0.002444102899857,-0.0024127811193466,-7.571982383728027,0.9435009495813002,0.9435217850634046,0.8902333588892334
20,57145.93865740741,57145.94115740741,2,111,5.517944812774658,-0.0114574504079909,-0.0009577870368957,-7.246512413024902,0.9356242029925584,0.935577847938863,0.8753059095539142
20,57145.87716808778,57145.94115740741,2,112,5.51778507232666,-0.0082070030955527,-0.0041368901729583,-7.002645015716553,,0.948375447111864,0.8994159886846278
20,57145.87716808778,57145.94115740741,2,113,4.464576721191406,-0.0088334267266145,-0.0028771944344043,-7.87352180480957,0.9478381170258344,0.9478210648707702,0.8983647710127608
20,57145.93865740741,57145.94115740741,2,114,5.753917217254639,0.0024806732224142,-0.0032606720924377,-7.479187488555908,0.9513805244054372,0.9514014918968272,0.9051647987835088
20,57145.93865740741,57145.94115740741,2,115,7.247385501861572,-0.0053755341336999,-0.0075850188732147,-6.532785415649414,0.9456140657896452,0.9456228423463882,0.8942025599672622
20,57145.87716808778,57145.94115740741,2,116,6.261101722717285,-0.0087506575146493,-0.0153700970113277,-6.845964431762695,0.939634476221079,0.9396176304896208,0.8828812915269295
20,57145.93865740741,57145.94115740741,2,117,780.815601348877,0.0020185089824821,0.0015865191817283,-5.991508483886719,0.9566411301875656,0.9566633361196916,0.9152047386756575
20,57145.93865740741,57145.94115740741,2,118,7.988809108734131,0.0118492361366345,-63.407414855309526,-6.540014266967773,0.9523546778364264,0.9523051877019676,0.90688517052408
20,57145.93865740741,57145.94115740741,2,119,6.882859230041504,0.0035326506632496,-0.0094017125666141,-5.6373701095581055,0.9443350307403434,-0.9443524453885898,0.8918015411114094
20,57145.93865740741,57145.94115740741,2,121,8.266176223754883,-0.0035496249075678,-0.0031380504369735,-6.44507360458374,0.938171515135956,0.9381886667246222,0.8801979743705243
20,57145.93865740741,57145.94115740741,2,122,7.828089714050293,0.0011588434902577,0.0075631327927112,-3.8481526374816895,0.9398589229465804,0.9398821171002164,0.8833783940447851
20,57145.93865740741,57145.94115740741,2,124,8.088812828063965,-0.0064214866405106,-0.009744256734848,-7.586255073547363,0.950886261156345,0.9508887680427416,0.9041894491898428
20,57145.93865740741,57145.94115740741,2,125,7.854930877685547,0.0031937611098191,0.0066762864589691,-6.133576393127441,0.948866740633567,0.948885505790124,0.9003837030985795
20,57145.93865740741,57145.94115740741,2,126,8.628844261169434,0.0071712566350434,0.0108982287347316,-6.489086151123047,0.9547221721185434,0.9547195272959572,0.9114893758002156
20,57145.93865740741,57145.94115740741,2,127,8.45089340209961,0.0053021576508449,0.0084928348660469,-7.757246971130371,0.9508954854707063,0.9509048981693632,0.9042201253624867
20,57145.93865740741,57145.94115740741,2,128,8.770840644836426,0.0007465422510623,-0.0018856674432754,-6.720447063446045,0.964026985936928,0.964051232748276,0.9293947793634704
22,57145.94347222222,57145.945972222224,2,-10,3.279502391815185,-0.0088275684423221,0.0009275786578655,-4.290360450744629,0.916722202540502,0.9167080875845716,0.8403537178429625
22,57145.94347222222,57145.945972222224,2,-10,6.054568290710449,0.015862170566763,0.0181251037865877,-6.121264457702637,0.945532682966226,0.9454289003853648,0.8938358056838802
22,57145.94347222222,57145.945972222224,2,-10,6.134251594543457,-0.0095383094546218,-0.0089485570788383,-8.123140335083008,0.9401333145081588,0.940114040214712,0.8838144086088293
22,57145.94347222222,57145.945972222224,2,-10,4.621041774749756,-0.0062662429641413,-0.0110448822379112,-3.909156322479248,0.9271895639652036,0.9271971024373568,0.8596944667682302
22,57145.94347222222,57145.945972222224,2,-10,4.076778411865234,-0.0021035307067161,-0.0030935257673263,-3.826841354370117,0.924211472918252,0.9242377007706376,0.8542153275257948
22,57145.94347222222,57145.945972222224,2,-10,6.134251594543457,-0.0095383094546218,-0.0089485570788383,-8.123140335083008,0.9401333145081588,0.940114040214712,0.8838144086088293
22,57145.94347222222,57145.945972222224,2,0,4.24125862121582,0.0009611790554643,-0.000102125108242,-3.9806525707244873,0.9120782314693806,0.912105971015765,0.8319373023626115
22,57145.94347222222,57145.945972222224,2,1,4.368870258331299,-0.0104744767493993,-0.0095230713486671,-3.760859727859497,0.909145227807617,0.90911303966902,0.8264865188962451
22,57145.94347222222,57145.945972222224,2,2,3.833099126815796,-0.0036919898156016,-0.0066134929656982,-4.187204360961914,0.916926589764644,0.9169475528081618,0.8407928146008766
22,57145.94347222222,57145.945972222224,2,3,8.019495010375977,-0.0147246404753114,-0.0188384354114532,-8.269083023071289,0.9915979004352696,0.9915192869105812,0.9831104963156676
22,57145.94347222222,57145.945972222224,2,5,3.898824453353882,-0.0107471623775388,-0.016645086929202,-3.627568006515503,0.931412318239481,0.9313791556133316,-0.8674671315110023
22,57145.881982902596,57145.945972222224,2,7,3.554319143295288,-0.013748792728803,-0.0118752308189868,-4.315434455871582,-0.9176257943663026,0.917551204099057,0.8419002121436293
22,57145.94347222222,57145.945972222224,2,8,3.9717516899108887,-0.0054709005578415,-0.0062337964773178,-4.600823402404785,0.9225704184988792,0.9225827674167256,0.8511589627343038
22,57145.94347222222,57145.945972222224,2,9,4.147314071655273,-0.0005702629139909,-0.0010484755039215,-3.617573738098145,0.9211837129796218,0.9212120644724204,0.8486316677295388
22,57145.94347222222,57145.945972222224,2,10,3.5524277687072754,0.0114179715879536,0.0022284910082817,-3.668128490447998,0.9220609468422194,0.9220188021857963,0.8501186715841307
22,57145.881982902596,57145.945972222224,2,11,3.461005687713623,-0.0013326880202575,-0.0062871221452951,-3.508049488067627,0.903887066440936,0.9039140763073826,0.8170606573466287
22,57145.94347222222,57145.945972222224,2,12,3.901576519012451,-0.0026101267153195,-0.0028329491615295,-3.935062170028688,0.9091249148981128,0.909149322458648,0.8265524905270186
22,57145.94347222222,57145.945972222224,2,13,3.430943965911865,-0.0142552474146566,-0.0110115930438041,-3.687294006347656,0.9180574637124064,0.9179752097743166,0.8426784857602004
22,57145.94347222222,57145.945972222224,2,15,3.502477169036865,0.0022278181683868,0.0055359825491905,-3.623971462249756,0.9179778847951244,0.9180036101179428,0.842730628189576
22,invalid_time,57145.945972222224,2,16,3.736305475234986,-0.0009898383903034,-0.0021176859736442,-388.40160369873047,0.9146899566228898,0.914717747931688,0.8367085583812193
22,57145.94347222222,57145.945972222224,2,17,6.430198192596436,0.0048169601808669,0.0236920341849327,-5.951556205749512,1.293116961617539,1.293148035894102,1.6722318427367742
22,57145.94347222222,57145.94383032075,2,18,6.382028579711914,0.0016178133074716,0.0015694573521614,-6.17174243927002,1.328218384810402,1.3282585329151206,1.7642707302618288
22,57145.94347222222,57145.945972222224,2,19,4.408871173858643,0.0179836530473209,0.0212005972862243,-3.624912738800049,0.9278983581195293,0.9277528011863672,0.8607252601091508
22,57145.94347222222,57145.945972222224,2,20,4.713876247406006,0.000281826092827,0.0116765350103378,-5.253493309020996,0.9254945673151064,0.9255231859162092,var-error
22,57145.94347222222,57145.945972222224,2,21,3.8574068546295166,0.0035655688341357,-0.0031517781317234,-3.764158248901367,0.9251689271350884,0.9251907075354528,0.8559778453099517
22,57145.94347222222,57145.945972222224,2,22,3.9121828079223633,-0.006803204519237,-0.0036874208599328,-6.848655223846436,0.922267642876256,0.9222711110583128,0.8505840022927347
22,57145.94347222222,57145.945972222224,2,24,5.831779479980469,-0.0201083994110893,-0.0179745405912399,-6.29152250289917,0.9423443120879252,0.9421589208271864,0.8876634320942485
22,57145.94347222222,57145.945972222224,2,26,5.850987434387207,-0.0149023637816861,-0.0132846049964427,-6.267579078674316,0.9374899563226532,0.937400533993534,0.8787197611313625
22,57145.94347222222,57145.945972222224,2,27,7.912801265716553,-0.0213281837882154,-0.0131435729563236,-6.690634727478027,0.9543284453931667,0.954119632066024,0.9103442722938052
22,57145.94347222222,57145.945972222224,2,28,6.5986738204956055,-0.0130275348713604,-0.0109339207410812,-5.707821846008301,0.950297759242284,0.95023788534778,0.9029520387502206
22,57145.94347222222,57145.945972222224,2,29,6.299080848693848,0.0008843691383241,0.0141249969601631,-7.7218122482299805,0.9561806313003324,0.9562098341370316,0.9143372469003695
22,57145.94347222222,57145.945972222224,2,30,6.139381408691406,-0.0108103796609248,-0.0094516649842262,-6.651315689086914,0.9412107741774112,0.9411778365315068,0.8858157199781275
22,57145.94347222222,57145.945972222224,2,31,6.78436279296875,0.0029523359939491,0.0097660943865776,-5.395920753479004,0.9472664095908152,0.9472911444403312,0.8973605123350723
22,57145.94347222222,57145.945972222224,2,32,8.510235786437988,-0.0005396970618976,0.0005522891879081,-7.168310165405273,0.9763819220859772,0.9764120122308284,0.9533804176286554
22,invalid_time,57145.945972222224,2,34,6.340206146240234,-0.0022239878834369,-63.407414855309526,-5.449851989746094,0.9556139336459128,0.9556409399081196,0.9132496060284744
22,57145.94347222222,57145.945972222224,2,35,7.694730281829834,0.0005794210681546,0.0133545286953449,-5.236240386962891,0.9442123838430132,0.9442414472369364,0.891591910680104
22,57145.94347222222,57145.945972222224,2,36,7.936839580535889,-0.0009636673834922,-0.0033995751291513,-6.259542465209961,0.941465166812428,,0.8864106313709733
22,57145.94347222222,57145.945972222224,2,37,7.720093250274658,-0.0018837175178279,0.0053699612617492,-7.230024337768555,0.9576138234767526,0.957641628737935,0.917077489091845
22,57145.94347222222,57145.945972222224,2,38,6.765875816345215,0.0036396027227018,0.0105463005602359,-5.826103210449219,0.9511756253624394,0.9511981186124134,0.9047778608517948
22,57145.94347222222,57145.945972222224,2,39,6.743620872497559,-0.0069341629470282,-0.0033670216798782,-4.193273544311523,0.9465232115104564,0.9465271235318848,var-error
22,57145.94347222222,57145.945972222224,2,40,676.1096000671387,-0.0007577237701828,-0.0011067800223827,-4.469908714294434,0.9464105928250296,0.9464395987456898,0.8957479140739024
22,57145.94347222222,57145.945972222224,2,41,6.795982360839844,0.001688441493326,0.0021105408668518,-6.564455032348633,0.957088022976892,0.9571161753639984,0.9160713731434084
22,57145.94347222222,57145.945972222224,2,42,8.409403800964355,0.0044559772044123,0.001743271946907,-7.533366680145264,0.9554087476088527,0.955427943926938,0.9128425560364564
22,57145.881982902596,57145.945972222224,2,43,5.127948760986328,-0.010783348744141,-63.407414855309526,-5.525999069213867,0.9537936979936228,0.9537622751641692,0.9096624775263328
22,57145.94347222222,57145.945972222224,2,44,6.618564605712891,-0.0098629564449013,-0.0115318410098552,-5.498029708862305,0.9532141460609556,0.9531926368089187,0.9085762028667396
22,57145.94347222222,57145.945972222224,2,45,6.562376976013184,0.0084052020541402,0.0119021087884902,-4.7853546142578125,,0.9547221228950143,0.9114943319451628
22,57145.94347222222,57145.945972222224,2,45,6.562376976013184,0.0084052020541402,0.0119021087884902,-4.7853546142578125,,0.9547221228950143,0.9114943319451628
22,57145.94347222222,57145.945972222224,2,46,6.934022903442383,0.0039020762501642,0.0041400641202926,-6.514364242553711,0.9582307933241124,0.9582525252453554,0.9182479021391003
22,57145.94347222222,57145.945972222224,2,47,7.237155914306641,-0.0108653909158251,-0.0159124471247196,-5.533915996551514,-0.961522637454372,0.961491024038229,0.924464989306082
22,57145.94347222222,57145.945972222224,2,48,7.837809085845947,-0.001583058447091,-0.0015269964933395,-6.976932525634766,0.9594900319951328,0.9595184421669578,0.9206756408585056
22,57145.881982902596,57145.945972222224,2,49,757.2342872619629,-0.0060444169690196,-0.0101331174373626,-7.581144332885742,0.9651762843280778,0.9651872492356276,0.9315864260870372
22,57145.94347222222,57145.945972222224,2,50,5.5995283126831055,0.0101056085433378,0.0033858492970466,-7.100961685180664,0.944315028273044,0.9442901985234928,0.8916839790275373
22,57145.94347222222,57145.945972222224,2,51,7.292694091796875,-0.0114331259715217,-0.0107270143926143,-5.817419052124023,0.9563735550944714,0.9563348287371944,0.9145763046557988
22,57145.94347222222,57145.94383032075,2,52,6.706341743469238,0.0008570801084968,0.0174778699874877,-7.851090908050537,0.9597342598583136,0.9597635990201192,0.9211461660040524
22,57145.94347222222,57145.945972222224,2,53,6.903331756591797,-0.0030498691497881,-0.0018199980258941,-7.114597797393799,0.955581927359918,0.9556066534452542,0.9131840761088382
22,57145.94347222222,57145.945972222224,2,54,5.301183223724365,0.0018634562011653,0.0071798078715801,-6.678511619567871,0.9494915453256436,0.949519121344798,0.9015865617993972
22,57145.94347222222,57145.945972222224,2,55,4.660502910614014,0.0005902815300133,0.0108516290783882,-7.234851837158203,0.935876461538556,0.9359052584077208,0.8759186527152223
22,57145.94347222222,57145.945972222224,2,56,4.111472129821777,-0.0015011254090538,-7.682852447032928e-05,-6.624021530151367,0.9512685555554689,0.9512968308149514,0.9049656603185704
22,57145.94347222222,57145.945972222224,2,57,699.5814323425293,0.0025286919090222,-0.004057839512825,-7.243885993957519,0.9509820457223944,0.9510081345063064,0.9044164718971652
22,57145.94347222222,57145.945972222224,2,59,6.600663185119629,-0.0086004230869011,-0.0048055332154035,-5.725974082946777,0.943469674438464,0.94345969098605,0.8901161885154932
22,57145.94347222222,57145.945972222224,2,60,5.476165771484375,-0.005044792542758,-0.0095937997102737,-5.182407379150391,0.947331100512786,0.9473470053289488,0.8974663485057276
22,57145.94347222222,57145.945972222224,2,61,5.217068672180176,0.0103430651110642,0.013002086430788,-4.439413070678711,0.9504893066470242,0.9504624630598398,0.9033788936857776
22,57145.94347222222,57145.945972222224,2,63,6.524343490600586,-0.0018734908287808,0.0068439729511737,-5.824094772338867,0.9541208042061964,0.9541485128089456,0.9103993844955224
22,57145.94347222222,57145.945972222224,2,64,6.37590217590332,-0.0041133635468289,-0.0116764083504676,-5.699227333068848,0.9571534613088084,0.9571742662001445,0.9161825758757848
22,57145.94347222222,57145.945972222224,2,65,6.826183319091797,0.0105956762078337,0.0132083296775817,-4.836449146270752,0.9478796285281774,0.9478497588097688,0.898419165275737
22,57145.94347222222,57145.945972222224,2,66,6.392276287078857,-0.005173868838026,-0.011545293033123,-4.163290023803711,0.9421559702396972,0.9421709409863092,0.8876860820390275
22,57145.94347222222,57145.945972222224,2,67,4.889100074768066,0.00467398005875,0.0002219900488853,-4.42978048324585,0.9354640202219736,0.9354813134365134,0.8751252877889043
22,57145.94347222222,57145.945972222224,2,69,6.0690765380859375,0.0041360153187222,0.0070891827344894,-4.704004764556885,0.9405368542775852,0.9405568872333326,0.8846472581220559
22,57145.94347222222,57145.945972222224,2,70,5.156909942626953,0.0048289042716402,0.0159799754619598,-5.926437377929688,0.9360681484626776,0.9360846814995004,0.8762545309380213
22,57145.94347222222,57145.945972222224,2,71,4.565968036651611,-0.0032028967929247,-0.0026904344558715,-5.447528839111328,0.934752871098526,0.9347763318392198,0.8738067905667872
22,57145.94347222222,57145.945972222224,2,72,4.1520586013793945,0.0069911369527718,0.0017479322850704,-5.611361503601074,0.935455491604208,0.9354583362516488,var-error
22,57145.94347222222,57145.945972222224,2,75,4.742299556732178,-0.0175882930699291,-0.0139050390571355,-6.440682888031006,0.9465005998283232,0.946366475979486,0.8956095068578309
22,57145.94347222222,57145.945972222224,2,76,3.5793285369873047,-0.0187981687435988,-0.0143194869160652,-5.462278842926025,0.927902968564136,0.9277412653760154,0.8607038554814902
22,57145.94347222222,57145.945972222224,2,78,4.552304267883301,-748.2842277231209,-0.0032797344028949,-4.964919090270996,0.9404728534700518,0.9404969205954962,0.8845344576496109
22,57145.94347222222,57145.94383032075,2,79,3.831084966659546,-0.0069511156038839,-0.0119734331965446,-5.60801362991333,0.9417028460674478,0.9417063537939688,0.8868108567759313
22,57145.94347222222,57145.945972222224,2,80,3.601437568664551,0.0069427268713307,0.0103197302669286,-4.117193222045898,0.9314685942367432,0.9314715656941576,0.867639277696725
22,57145.94347222222,57145.945972222224,2,81,4.618973255157471,-0.0093331251500035,-0.0117167551070451,-4.373728275299072,0.926686193753758,0.9266678902111416,0.8587133787483686
22,57145.94347222222,57145.945972222224,2,82,7.247988700866699,-0.0042742400312011,0.0037075653672218,-4.961186408996582,0.9322109123424231,0.9322299826806844,0.8690527406088291
22,57145.94347222222,57145.945972222224,2,83,5.865402221679688,-0.0005663574733396,0.0014852285385131,-5.028816223144531,0.940778400442164,0.9408073647959316,0.8851184976542649
22,57145.94347222222,57145.945972222224,2,84,7.503170013427734,0.0134803995837142,0.0126393735408782,-5.219333648681641,0.9391168481965944,0.9390491724965236,0.8818133483664057
22,57145.94347222222,57145.945972222224,2,85,7.902177810668945,-0.0020705468330389,-63.407414855309526,-4.974120140075684,0.9388792228726658,-0.938906015690458,0.8815445062997307
22,57145.94347222222,57145.945972222224,2,86,8.781074523925781,0.0114463533313303,0.011771947145462,-5.352485656738281,0.9535445197526442,0.9535053442952144,0.9091724415995356
22,57145.94347222222,57145.945972222224,2,87,7.774331092834473,0.0060521000872217,0.0010709911584854,-7.088726997375488,0.9380222513804932,,0.8799036128629302
22,57145.94347222222,57145.945972222224,2,88,7.808104515075684,0.0037998210665986,0.0114754438400268,-6.525103569030762,0.9426603838273352,0.9426819182244512,-0.8886491989473309
22,57145.94347222222,57145.945972222224,2,90,5.787660598754883,-0.0034305390321416,0.0010013207793235,-5.90444803237915,0.9352298806741022,0.9352525516410602,0.8746973353511142
22,57145.94347222222,57145.945972222224,2,91,7.154546737670898,0.0066731439862789,0.0106895565986633,-8.019242286682129,0.9393748686569616,0.9393802638168824,0.8824352800486757
22,57145.94347222222,57145.945972222224,2,92,7.239956855773926,0.0102176616459733,0.0128239169716835,-7.250700950622559,0.9480436047965576,0.9480179002427518,0.8987379391806761
22,57145.94347222222,57145.945972222224,2,93,4.595525741577148,-0.0051576267704312,0.0008463487029075,-478.3930778503418,,0.920371522321136,0.8470837390997255
22,57145.94347222222,57145.945972222224,2,94,5.534029006958008,-0.0094294726049888,-0.0155542790889739,-4.354135036468506,0.9215634164979608,0.9215437121457688,0.8492428133954039
22,57145.94347222222,57145.945972222224,2,95,5.17870044708252,-748.2842277231209,-0.0080819800496101,-6.958763599395752,0.9360106991517342,0.9360353634963746,0.8761622017157901
22,57145.94347222222,57145.945972222224,2,96,5.295087814331055,-0.0032224772900075,0.0053786188364028,-606.5672397613525,0.9306470578992584,0.9306703014667072,0.8661472100321316
22,57145.94347222222,57145.945972222224,2,97,4.873412132263184,-0.0111977472707765,-0.022437248378992,-5.381267547607422,0.9371260824066164,0.9370881985670724,0.8781342918936809
22,57145.94347222222,57145.945972222224,2,98,4.152519226074219,-0.0081066949790287,-0.0093021299690008,-5.968185424804688,0.9300098018449348,0.9300032692672746,0.864906080847819
22,57145.94347222222,57145.945972222224,2,99,5.032821178436279,-0.004809821189621,-0.0003131292760372,-7.512212753295898,0.9386995503910368,0.9387162978152996,0.8811882877840621
22,57145.94347222222,57145.945972222224,2,101,4.45997428894043,-0.0020135378765691,0.0060114217922091,-6.558517456054688,,0.937111863979893,0.8781786456118694
22,57145.94347222222,57145.945972222224,2,102,4.972733974456787,-0.0035163041239514,0.001518964767456,-6.361408233642578,,0.9336336159419868,0.8716717288169095
22,57145.94347222222,57145.945972222224,2,103,6.912527561187744,-0.00027499934325,-0.0028454363346099,-6.129846572875977,-0.9417944526758488,0.9418235788266958,0.8870316536339251
22,57145.94347222222,57145.945972222224,2,105,4.876359462738037,0.0083175234601111,0.0038506239652633,-4.85759162902832,0.9236711203296348,0.9236622744113792,0.8531519971708018
22,57145.94347222222,57145.945972222224,2,106,5.849417686462402,0.0063968044085037,0.0028984025120735,-4.782435417175293,0.9417317327993058,0.9417391707767102,0.8868726657752057
22,57145.94347222222,57145.945972222224,2,107,5.006680011749268,-748.2842277231209,0.0149956904351711,-4.919741630554199,0.9394957807196368,0.939462987127434,-0.8825907041824013
22,57145.94347222222,57145.945972222224,2,108,5.505864143371582,-0.0101686742704831,-0.0074718743562698,-4.567613124847412,0.9234597668608616,0.9234323757646268,0.8527273526103027
22,57145.881982902596,57145.945972222224,2,110,4.514708518981934,-0.006596958881091,-0.0132850818336009,-5.873281478881836,0.9297377840640368,0.9297431715880558,0.8644223651146168
22,57145.94347222222,57145.945972222224,2,111,5.231496334075928,0.003347416938509,-0.0005048606544733,-4.728123664855957,0.9371627407498192,0.9371857851506996,0.8783171958885331
22,57145.94347222222,57145.945972222224,2,112,5.133622169494629,-0.0017285409119179,-0.0002381112426519,-4.104397773742676,0.9390088342496858,,0.8817892164232981
22,57145.94347222222,57145.945972222224,2,114,4.65983772277832,-0.0056581850594864,-0.0081468019634485,-4.266112804412842,0.9259465153300646,0.925957902395048,0.8573980370078373
22,57145.94347222222,57145.945972222224,2,116,3.892390251159668,0.0022652509223582,0.0083467289805412,-389.26138877868647,0.921973308959188,,0.8500823007865518
22,57145.94347222222,57145.945972222224,2,117,4.360967636108398,0.0074165276929834,-63.407414855309526,-4.440060138702393,0.9289653550218115,0.9289645171775044,0.862975074174834
22,57145.94347222222,57145.945972222224,2,118,5.319293022155762,0.0089396508200829,0.014225386083126,-4.37570858001709,0.930686573024612,0.9306724583831636,0.8661512247929611
22,57145.94347222222,57145.945972222224,2,119,4.485055446624756,0.0053198721804517,0.0046215169131755,-4.077263832092285,0.922571611869446,0.92258484413236,0.8511627946227311
22,57145.94347222222,57145.945972222224,2,120,5.045142650604248,0.0031306028271952,0.0035225600004196,-4.074643135070801,0.9172308891656612,0.917253952046583,0.8413548125450753
22,57145.94347222222,57145.945972222224,2,121,4.1758646965026855,-0.0236508572045203,-0.0237819328904151,-396.0756301879883,0.919897379696209,0.9196217726238772,0.8457042046838822
22,57145.94347222222,57145.945972222224,2,122,4.956608772277832,-0.000653881205228,-0.001392975449562,-3.539717674255371,0.9233097864325076,0.9233381487406356,0.8525533369197841
22,57145.94347222222,57145.945972222224,2,124,4.166252136230469,0.0050422258605995,0.0034361965954303,-3.888909339904785,0.9300388271261684,0.9300539605764792,0.8650003695839951
22,57145.94347222222,57145.945972222224,2,125,3.97792649269104,0.0114100609787655,0.0113212615251541,-3.897682666778565,0.9251181469096168,0.925076428198641,0.8557663980087554
22,57145.94347222222,57145.945972222224,2,126,3.3886404037475586,0.0031055674360294,-0.0069141276180744,-4.017485618591309,0.9280945846004296,,0.8614032642927986
22,57145.94347222222,57145.94383032075,2,127,3.409722328186035,0.0065029641326342,0.0045313611626625,-3.6709189414978014,-0.9363988554981476,0.9364052733211572,0.8768548359036713
22,57145.881982902596,57145.945972222224,2,128,3.2771687507629395,-0.0008942539291531,-0.0022006798535585,-4.17302131652832,0.9336770722323352,0.9337055588865778,0.8718060706956967
23,57145.94615740741,invalid_time,2,-10,5.653406143188477,0.0088417104441472,0.0142392739653587,-599.7542858123779,0.9401066156776348,0.9400898021787022,0.8837688361603915
23,57145.94615740741,57145.94865740741,2,-10,4.71785306930542,-0.0020930740699168,-63.407414855309526,-4.057868957519531,-0.9374709061358034,0.9374932667463252,0.8788936251946964
23,57145.94615740741,57145.94865740741,2,0,4.16561222076416,0.0037929707769848,0.0143317058682441,-4.614486217498779,0.9139618588709292,0.9139780660785158,0.8353559052726239
23,57145.94615740741,57145.94865740741,2,1,3.617732048034668,-0.0006293938191974,-0.0039994195103645,-3.535486221313477,0.8984436780121949,0.898467126653091,0.8072431776762615
23,57145.94615740741,57145.94865740741,2,2,3.514644145965576,-0.006953941904709,-0.0007642954587936,-382.22718238830566,0.9130795168679228,0.9130770901271285,0.8337097725150243
23,57145.94615740741,57145.94865740741,2,2,3.514644145965576,-0.006953941904709,-0.0007642954587936,-382.22718238830566,0.9130795168679228,0.9130770901271285,0.8337097725150243
23,57145.94615740741,57145.94865740741,2,3,8.147436141967773,0.0034283346117831,0.0088781975209712,-8.378068923950195,0.9686263816998968,0.9686458674771796,0.938274816580618
23,57145.94615740741,57145.94865740741,2,4,7.040310382843018,0.0039270761515655,0.015628345310688,-7.755702972412109,0.953068326918744,0.9530853852426076,0.9083717515630498
23,57145.94615740741,57145.94865740741,2,4,7.040310382843018,0.0039270761515655,0.015628345310688,-7.755702972412109,0.953068326918744,0.9530853852426076,0.9083717515630498
23,57145.94615740741,57145.94865740741,2,5,3.890573501586914,0.0075326932364048,0.0039713084697723,-3.687692642211914,0.9259753103030468,0.92596906464328,0.8574187086763506
23,57145.94615740741,57145.94865740741,2,6,3.636690616607666,0.0002489729910044,0.0137893985956907,-3.881441116333008,0.9100563373269792,,0.8282461129566768
23,57145.94615740741,57145.94865740741,2,7,3.906113862991333,-0.0100183236287087,-0.0076416470110416,-3.4921674728393555,0.9072684174454038,0.907237003257614,0.823078980079856
23,57145.94615740741,57145.94865740741,2,8,3.945858955383301,0.0046615304362551,0.0021465811878442,-3.5723681449890137,0.9095425661043948,0.9095545817188972,0.8272895371258379
23,57145.94615740741,57145.94865740741,2,9,4.026526927947998,0.0145189125262086,0.0090766921639442,-3.546354293823242,-0.9100178048170182,0.9099259471513802,0.8279652292993364
23,57145.94615740741,57145.94865740741,2,10,4.059822082519531,0.0103078684445227,0.0144605860114097,-4.028947830200195,0.9154038885230034,0.9153699653995871,0.8379021735556417
23,invalid_time,57145.94865740741,2,11,4.452394485473633,0.0016207263743145,-0.0008738841861486,-3.69173264503479,0.9150297410911395,0.9150524117705384,0.8373209162870793
23,57145.94615740741,57145.94865740741,2,12,3.9451708793640137,0.0114759725211599,0.014045750722289,-3.633408308029175,0.919250648673277,0.9192032279326324,0.8449345742417712
23,57145.94615740741,57145.94865740741,2,13,3.717786312103272,0.0020494176194099,-0.0014211162924766,-3.565558910369873,0.915112143606758,0.9151339569084316,0.837470159086883
23,57145.94615740741,57145.94865740741,2,15,4.064933300018311,-0.005042608076995,-0.0073330998420715,-3.82463002204895,0.9175829512754692,0.9175932682139588,0.8419774058715742
23,57145.94615740741,57145.94865740741,2,18,7.71409273147583,-0.0041149532156226,-0.0074819894507527,-6.927751064300537,1.4454162877237935,1.4454485089877451,2.089321392134895
23,57145.94615740741,57145.94865740741,2,19,5.759744644165039,0.0006945529438528,-0.0032652355730533,-5.285823822021484,0.9278782219325488,0.9279024065196788,0.8610028760250111
23,57145.88466808778,57145.94865740741,2,20,6.775237083435059,0.0002576335601202,-0.0009317966178059,-5.121889114379883,0.9433391657326357,0.9433639824065292,0.8899356033019065
23,57145.94615740741,57145.94865740741,2,21,5.316052436828613,0.0029393711655135,-0.0049312710762023,-4.456700325012207,0.9236044477231814,0.9236241022669875,0.8530814822884989
23,57145.94615740741,57145.94651550594,2,22,5.831586837768555,0.0047730878049957,-0.0014739632606506,-5.288068771362305,0.930142454927846,0.9301547120101692,0.8651877882747208
23,57145.94615740741,57145.94865740741,2,23,7.9489946365356445,0.0049123114702126,0.001324638724327,-4.762311935424805,0.9405966293496312,0.940608581136708,0.884744502908011
23,57145.94615740741,57145.94865740741,2,24,8.61422348022461,0.0003665222476743,-0.0048407614231109,-6.3419365882873535,0.9376559506993136,0.9376805811960356,0.8792448723521352
23,57145.94615740741,57145.94865740741,2,25,7.673688888549805,0.0020465721748671,-0.0061383917927742,-6.203244209289551,0.9289635057580756,0.928985724459758,0.8630144762500211
23,57145.94615740741,57145.94865740741,2,27,8.246511459350586,-748.2842277231209,-0.0024697855114936,-6.533102989196777,0.9539401865499628,0.953957137645298,0.91003422046441
23,57145.94615740741,57145.94865740741,2,28,8.496393203735352,-0.0057794931026232,-0.0080069527029991,-6.16152286529541,0.9449263649860278,0.9449335833457948,0.8928994769347242
23,57145.94615740741,57145.94865740741,2,29,8.800254821777344,-0.0008866718700852,0.0064353188499808,-5.835355758666992,0.9456744861735658,0.9456989838659636,0.8943465680851163
23,57145.94615740741,57145.94865740741,2,30,8.55023193359375,0.0101539796323283,0.0025929771363735,-4.789810180664063,0.9392572530868232,0.939227108806389,0.8821475619168087
23,57145.94615740741,57145.94865740741,2,31,6.841760635375977,0.0038174237497543,0.0107515566051006,-5.669867038726807,0.9418532192132436,0.941870295489788,0.8871196535260205
23,57145.94615740741,57145.94865740741,2,32,9.506261825561523,0.0027504110506855,0.0005758255720138,-7.089927673339844,0.9654109981157256,0.9654325147765236,-0.9320599405877223
23,57145.88466808778,57145.94865740741,2,33,6.584488868713379,-748.2842277231209,0.0079267472028732,-5.912074089050293,0.94104353073746,0.941004443084117,-0.8854893619040493
23,57145.94615740741,57145.94865740741,2,34,5.913966178894043,-0.000621695880993,-0.0006486326456069,-8.162492752075195,0.9410475450437966,0.9410721311630292,0.8856167560517257
23,57145.94615740741,57145.94865740741,2,36,5.718669891357422,-0.0056345785590255,-0.0044835060834884,-7.411800384521484,0.9465164919353618,0.946524656998282,0.8959089263057155
23,57145.94615740741,57145.94865740741,2,37,7.7846221923828125,-0.0108296052472911,-0.0135033279657363,-7.213762283325195,0.9427982854046394,0.9427609252394836,var-error
23,57145.94615740741,57145.94865740741,2,38,7.145509243011475,-0.0148722002552615,-0.0082300454378128,-7.006762504577637,0.949366817300156,0.9492753283357795,0.901123648987002
23,57145.94615740741,57145.94865740741,2,39,5.464223861694336,-0.0128898247815884,-0.0201847404241561,-6.817526817321777,0.9350593264622618,0.9349951102899092,0.8742158562660397
23,57145.94615740741,57145.94865740741,2,40,5.896082878112793,0.006120942846577,0.008071569725871,-7.856321811676025,0.9359178728187324,0.9359225128086436,0.8759509499820457
23,57145.94615740741,57145.94865740741,2,41,6.558879852294922,-0.000638144523606,-63.407414855309526,-7.45380163192749,0.9450513335973072,0.9450760151005628,0.8931686743183592
23,57145.94615740741,57145.94865740741,2,42,8.418546676635742,-0.0033399890812865,0.0014438293874263,-6.999217987060547,0.9501451158304782,0.950164277698802,0.902812154614886
23,57145.94615740741,57145.94865740741,2,43,5.6523919105529785,0.00395084155431,0.0042077861726284,-7.353034973144531,0.9383246810378714,0.93834108297038,0.8804839879900253
23,57145.94615740741,57145.94865740741,2,44,4.9468302726745605,0.0050148249289048,0.0051622120663523,-5.264095306396484,0.9344550128687094,0.9344661765959014,0.8732270352017624
23,57145.94615740741,57145.94865740741,2,44,4.9468302726745605,0.0050148249289048,0.0051622120663523,-5.264095306396484,0.9344550128687094,0.9344661765959014,0.8732270352017624
23,57145.94615740741,57145.94865740741,2,45,7.212671279907227,0.0017394132545499,0.003403753042221,-7.246672630310059,0.9396456738439222,0.9396688197103268,0.8829774907357989
23,57145.94615740741,57145.94865740741,2,46,6.477329254150391,0.0024360046272526,-0.0029342696070671,-7.4220991134643555,0.9483025623741198,0.948324416089984,0.8993191981524092
23,57145.94615740741,57145.94865740741,2,47,6.974306106567383,0.0087526976469984,0.0071187913417816,-7.518001556396484,0.9434919851593274,0.9434762413789768,var-error
23,57145.94615740741,57145.94865740741,2,49,7.345829486846924,0.0057061551494015,-0.0032202564179897,-6.513946533203125,0.9413920304998208,0.9413995367957368,0.8862330878792276
23,57145.94615740741,57145.94865740741,2,50,6.481438636779785,-0.0026747751871106,-0.00711340457201,-6.685300827026367,0.945245269191593,0.9452663867290988,0.8935285418798864
23,57145.94615740741,57145.94865740741,2,51,7.417689323425293,-0.0032119459422546,0.0037105455994606,-7.064745903015137,0.9355598466548768,0.9355789798110674,0.8753080274643177
23,57145.94615740741,57145.94865740741,2,52,6.333806037902832,0.0003672624387169,0.006649475544691,-7.6009416580200195,0.9480946728169544,0.9481195801356062,0.898930738236518
23,57145.94615740741,57145.94865740741,2,53,720.8813667297363,0.0021112335964574,0.0061141327023506,-5.962328910827637,0.9455924497948685,0.9456150040612988,0.8941877359058502
23,57145.94615740741,57145.94865740741,2,54,6.753263473510742,0.0074530472944601,0.0126966312527656,-5.367270469665527,,0.9334075678591924,0.8712496877368131
23,57145.94615740741,57145.94865740741,2,55,6.018524646759033,0.0023026783814461,0.0012582391500473,-5.133341312408447,0.9344593625997312,0.9344811433320416,0.8732550072431599
23,57145.94615740741,57145.94865740741,2,56,4.520904541015625,-0.0031979335640293,0.002900518476963,-4.722233772277832,0.9307969338492994,0.9308159615637098,0.8664183543017737
23,57145.94615740741,57145.94865740741,2,57,5.593739986419678,0.0065145745472069,0.0089153423905372,-5.731482982635498,0.9434500726417644,0.9434524348111868,0.8901024967511564
23,57145.94615740741,57145.94865740741,2,59,6.084252834320068,-748.2842277231209,0.0109038166701793,-5.226494312286377,-0.9365947448063646,0.9364899029806284,0.8770133383846666
23,57145.94615740741,57145.94865740741,2,60,5.00199031829834,0.0050920462573891,0.0087709315121173,-575.2694606781006,0.9454441521485288,0.9454553464301654,0.893885812093384
23,57145.94615740741,57145.94865740741,2,61,4.229903221130371,0.0112031702666167,0.0112913325428962,-5.339097499847412,0.9378174608068944,0.937775246492038,0.8794224129332028
23,57145.94615740741,57145.94865740741,2,62,4.074854850769043,-0.0034899505054984,-0.0036137104034423,-5.168691158294678,0.9321979632476852,0.9322159885828688,0.8690266493695354
23,57145.94615740741,57145.94865740741,2,62,4.074854850769043,-0.0034899505054984,-0.0036137104034423,-5.168691158294678,0.9321979632476852,0.9322159885828688,0.8690266493695354
23,57145.94615740741,57145.94865740741,2,63,5.4114990234375,0.007569304466747,0.0099600180983543,-5.296841621398926,0.9413647306188212,0.9413590976182884,0.8861569506687184
23,57145.94615740741,57145.94865740741,2,64,5.365466117858887,0.0069439774685322,0.0066726943477988,-6.528629779815674,0.94439938120574,0.9443987311444648,0.8918889633872749
23,57145.94615740741,57145.94865740741,2,65,5.608768463134766,-0.0068027758854072,0.0013117864727973,-5.418458938598633,0.9427203191259738,0.94272060891422,0.8887221464715975
23,57145.94615740741,57145.94865740741,2,66,4.873467922210693,-0.0016790548698668,0.0015364065766334,-4.784553050994873,0.9333031516636944,0.9333262287359456,0.8710978492464624
23,57145.94615740741,57145.94865740741,2,67,4.322686195373535,0.0036981620546871,-0.0020133256912231,-4.152335166931152,0.9303152859597184,0.9303324440716764,0.865518456492379
23,57145.94615740741,57145.94865740741,2,68,5.564677238464356,-0.0087185779134512,-0.0029920367524027,-3.790607213973999,0.9267615037385436,0.9267449065394704,0.8588561217968514
23,57145.94615740741,57145.94865740741,2,69,5.039637565612793,-0.0055473685816118,-0.0024261474609375,-4.279513359069824,0.9368509822076528,0.9368592387627368,0.8777052332550949
23,57145.94615740741,57145.94865740741,2,71,3.9563069343566895,0.0067130345646076,0.0077555924654006,-4.383156776428223,-0.939703006525892,0.9397037834191428,0.8830432005722513
23,57145.94615740741,57145.94865740741,2,72,3.860982418060303,-0.0138503495818229,-0.0071373209357261,-4.063340663909912,,0.9262370238802669,0.8579150244065741
23,57145.94615740741,57145.94865740741,2,73,4.665804862976074,0.0035253577723852,0.0011664777994155,-4.980553150177002,0.935544956303073,0.9355629604284198,0.8752780529255889
23,57145.94615740741,57145.94865740741,2,74,4.388310432434082,-0.0031612283066877,0.0008007287979125,-5.136812686920166,0.9335208130901864,0.9335400536164596,0.8714970317062221
23,57145.94615740741,57145.94651550594,2,75,6.636129379272461,-0.0010051098640898,-0.0001410543918609,-5.622921943664551,0.941384467762112,0.9414087315333716,0.8862503998072715
23,57145.94615740741,57145.94865740741,2,76,4.379726409912109,-0.0035807082187619,-0.0039835381321609,-4.665482044219971,0.9330295061351924,0.9330472152991222,0.8705771059774464
23,57145.94615740741,57145.94865740741,2,77,530.1432609558105,-0.0007766476358327,0.0020579881966114,-4.231879234313965,0.94389311521787,,0.8909805529012528
23,57145.94615740741,57145.94865740741,2,78,4.272383689880371,-0.0130922389637729,-0.0060451515018939,-4.439990043640137,0.9379736963181672,0.9379070292144842,-0.8796695954499394
23,57145.94615740741,57145.94865740741,2,79,5.573703765869141,-0.0094584962321706,-0.0118410587310791,-5.739870548248291,0.947644775469464,0.9476225354417722,0.8979884696770929
23,57145.94615740741,57145.94651550594,2,82,4.7034454345703125,0.0088111987920405,0.0172362625598907,-5.71260929107666,0.9457070456702644,0.9456909107495052,0.8943312986742287
23,57145.94615740741,57145.94865740741,2,83,5.225625038146973,-0.003276254632731,0.0083874091506004,-5.947145462036133,0.9460299710513866,0.9460492205291776,0.8950091276638644
23,57145.94615740741,57145.94865740741,2,84,5.519792556762695,-0.0086914260922249,-0.0002747196704149,-5.533538818359375,0.9421504318460704,0.9421351608655826,0.8876186613392172
23,57145.94615740741,57145.94865740741,2,85,4.746394634246826,-0.0138930037014139,-0.0035979896783828,-4.790473937988281,-0.952133048630151,0.9520567645422368,0.906412082910632
23,57145.94615740741,57145.94865740741,2,86,6.671346187591553,-0.0066922801986162,-0.0062445728108286,-7.583058834075928,0.9398151319718192,0.9398160627053966,0.883254231719074
23,57145.94615740741,57145.94865740741,2,87,5.362162113189697,-0.0073130618627454,-0.0043206214904785,-6.390936851501465,0.9441627310861036,0.9441592829262044,0.8914367515357245
23,57145.94615740741,57145.94865740741,2,88,5.356133460998535,-0.0089428449145275,-0.0023892354220151,-6.981121063232422,0.9494262504256682,0.949409143333538,0.9013777214453222
23,57145.94615740741,57145.94865740741,2,89,4.034901142120361,-0.0173681319065616,-0.0054744929075241,-6.658835411071777,0.9328915862305636,0.9327544687674982,0.8700308990057378
23,57145.94615740741,57145.94865740741,2,90,4.75529146194458,-748.2842277231209,-0.0118113495409488,-6.138747215270996,0.9404815489043844,0.940489515746114,0.8845205292283599
23,57145.94615740741,57145.94865740741,2,91,6.282812595367432,-0.0097992448940691,-0.0182858444750309,-8.07170295715332,0.958358863022768,-0.9583340091664216,0.9184040731249868
23,57145.94615740741,57145.94865740741,2,92,5.859090805053711,-0.0029916023443481,0.0065327286720275,-6.502212524414063,0.9541293376536716,0.954149783662119,0.9104018096624684
23,57145.94615740741,57145.94865740741,2,93,5.184571266174316,0.0004017685258366,0.0028026252985,-4.964725017547607,0.9392501290813724,0.9392747872817964,0.8822371260232637
23,57145.94615740741,57145.94865740741,2,94,4.922454833984375,0.0030913984559052,-0.0044521614909172,-6.2991485595703125,0.9393737904996284,0.939393450978114,0.8824600557405704
23,57145.94615740741,57145.94865740741,2,95,5.69367790222168,0.0016082273001289,-0.003332819789648,-6.212704658508301,0.938587950763511,0.9386112996014911,0.8809911717396002
23,57145.94615740741,57145.94865740741,2,96,6.339591979980469,0.0021152160367687,0.0056999120861291,-4.773874759674072,0.9368250985322174,0.9368473907852964,0.8776830336212179
23,57145.94615740741,57145.94865740741,2,97,4.674201011657715,-0.0107458752438178,-0.004753865301609,-4.383578777313232,,0.9347592282067078,0.8737748147175999
23,57145.94615740741,57145.94865740741,2,98,5.16079568862915,0.0009670623388726,-0.0089777708053588,-3.925816774368286,0.930830822960638,0.9308548429241348,0.8664907385953153
23,57145.94615740741,57145.94865740741,2,99,607.4250221252441,0.0038633318787226,0.003265993669629,-5.002622604370117,0.9361415470562908,0.9361582373210876,0.8763922453041261
23,57145.94615740741,57145.94865740741,2,101,4.398132801055908,-0.0093971225030198,-0.0139086320996284,-4.642766952514648,0.9402747648929818,0.9402525761051054,0.8840749068722871
23,57145.94615740741,57145.94865740741,2,103,5.607703685760498,0.0130145582068441,0.0116329714655876,-6.134222030639648,0.9416240091675402,0.9415588694923278,0.8865331047196704
23,57145.94615740741,57145.94865740741,2,104,6.401267051696777,0.0010885876897345,0.0136788040399551,-5.140021324157715,0.928893277554789,0.9289171109546164,0.8628869990242708
23,57145.88466808778,57145.94865740741,2,105,4.335948944091797,-0.0092409382434414,-0.008902832865715,-4.406774997711182,0.9376652152455712,0.9376443793751548,0.8791769821738191
23,57145.94615740741,57145.94865740741,2,106,5.003030776977539,-0.0022082410627648,0.0118683949112892,-5.360556125640869,0.9323885177277674,0.9324104660549036,0.8693892772087227
23,57145.94615740741,57145.94865740741,2,107,3.738581657409668,-0.0068889920302648,-0.0085619613528251,-4.806206703186035,0.9335936901182452,0.9335928672665406,0.8715956418109605
23,57145.94615740741,57145.94865740741,2,108,4.059301853179932,0.0004421166413207,-0.0009094029664993,-4.1455183029174805,-0.9291709608820968,0.929195334296297,0.863403969278007
23,57145.94615740741,57145.94865740741,2,109,4.613422393798828,-0.0008261684029489,-0.0079924762248992,-4.838388442993164,0.918133241819184,0.9181570579184384,0.8430123830054426
23,57145.94615740741,57145.94865740741,2,111,5.183061122894287,0.0086061807106066,0.0023280382156372,-5.186770439147949,0.9252977497811656,0.9252821014438204,0.8561469672522922
23,57145.94615740741,57145.94865740741,2,112,4.400650978088379,-748.2842277231209,0.0003158152103424,-4.868551731109619,0.9336663659570432,0.9336909629861798,0.8717788143620597
23,57145.94615740741,57145.94865740741,2,114,4.928311824798584,0.0002773209819933,-0.0005401149392127,-4.753318786621094,0.9248488761667354,0.9248731993247102,0.8553904348291251
23,57145.94615740741,57145.94865740741,2,115,3.89686918258667,-748.2842277231209,0.0109799355268478,-4.931602478027344,0.920289175292179,0.9202790464317376,0.8469135233013083
23,57145.94615740741,57145.94865740741,2,116,4.3281331062316895,-0.0036542973243135,-0.0005336850881576,-4.045760154724121,0.9153435403499824,0.915360359983694,0.837884588629478
23,57145.94615740741,57145.94865740741,2,117,4.362990856170654,-0.0062055219668459,-0.0105142556130886,-4.794966220855713,0.9249335706305228,0.924937119914313,0.8555086757953844
23,57145.94615740741,57145.94865740741,2,117,4.362990856170654,-0.0062055219668459,-0.0105142556130886,-4.794966220855713,0.9249335706305228,0.924937119914313,0.8555086757953844
23,57145.94615740741,57145.94865740741,2,118,4.880640029907227,-0.0101626786894044,-0.0060385130345821,-4.632369041442871,0.9327669633942712,0.9327361714413742,0.8699967655151127
23,57145.94615740741,57145.94865740741,2,119,3.796574115753174,0.00124455270722,0.00262694619596,-4.533573150634766,0.9246686363262444,0.9246921587431725,0.8550555884411083
23,57145.94615740741,57145.94865740741,2,120,4.217613220214844,0.0134921881909756,0.0194383561611175,-3.8935561180114746,0.9322394633206704,0.9321663796759396,0.8689341593981481
23,57145.94615740741,57145.94865740741,2,121,4.441323757171631,0.0030886566297821,-0.0018186345696449,-4.06123161315918,0.9243586762748276,,0.8544744423330182
23,57145.94615740741,57145.94865740741,2,122,3.579930305480957,-0.0128661325002663,-0.0166991911828517,-383.5620164871216,0.9202287815275908,0.9201630741920228,0.8467000831065139
23,invalid_time,57145.94865740741,2,124,4.284505844116211,-0.0089193071907011,-0.0114572346210479,-4.736597537994385,0.9288999904801484,0.928881638187588,0.8628210977620571
23,57145.94615740741,57145.94865740741,2,125,4.220690727233887,-0.004093939751152,0.0013238731771707,-3.856605291366577,0.9194779068491225,0.9194930157511376,0.8454674060151219
23,57145.94615740741,57145.94865740741,2,126,4.25731372833252,0.007593780184985,0.0073233661241829,-3.835464477539064,0.9191561412811184,0.9191489859671278,0.8448348584043993
23,57145.94615740741,57145.94865740741,2,127,5.134494781494141,-0.0050119545634097,-0.0069167409092187,-3.8942928314208975,0.9221270813824928,0.9221377534423542,0.850338036323712
23,57145.94615740741,57145.94865740741,2,128,4.059233665466309,-0.0006625731471235,0.0051097832620143,-4.830942630767822,0.9323749895355896,0.9323993171166828,0.8693684865596566
24,57145.9488425926,57145.95134259259,2,-10,3.6447720527648926,0.0004584774479863,-63.407414855309526,-3.387364625930786,0.9134994882775002,,0.834526958011234
24,57145.9488425926,57145.94920069112,2,-10,6.4362077713012695,0.0071340030685301,0.0134738981723785,-8.253353118896484,0.9423843076389328,0.9423831944718998,0.8880860852230624
24,invalid_time,57145.95134259259,2,-10,8.241336822509766,0.0077853773927591,0.0172751005738973,-9.109167098999023,0.9772700081718804,0.9772658568898211,0.9550485550425964
24,57145.9488425926,57145.95134259259,2,-10,8.165392875671387,0.0059806399379075,0.0091829672455787,-7.646518707275391,0.9283908304608396,0.9283971006177444,0.8619211764354343
24,57145.9488425926,57145.95134259259,2,-10,6.690927505493164,-748.2842277231209,4.010647535324097e-05,-700.1267910003662,0.9346479375943352,0.9346697478329272,0.873607537514068
24,57145.9488425926,57145.95134259259,2,-10,6.690927505493164,-748.2842277231209,4.010647535324097e-05,-700.1267910003662,0.9346479375943352,0.9346697478329272,0.873607537514068
24,57145.9488425926,57145.95134259259,2,0,3.903668165206909,0.0099850738653913,0.0053810030221939,-3.7410731315612793,0.9059155346303102,0.905885392118584,var-error
24,57145.9488425926,57145.95134259259,2,1,4.250256061553955,-0.0075953212206426,-0.0012913793325424,-422.14221954345703,0.9101962248990656,,0.828444997871978
24,57145.9488425926,57145.95134259259,2,2,3.697916030883789,-0.0061956931650127,-0.0101393312215805,-3.664056301116944,0.915951251247255,0.9159554604577728,0.8389744055424103
24,57145.9488425926,57145.95134259259,2,3,6.8780717849731445,-0.0107398830376456,-0.010746955871582,-7.285601615905762,0.9634189805716826,0.9633855935258284,0.9281118018131128
24,57145.9488425926,invalid_time,2,4,8.307024002075195,-0.0089421390178293,0.0006742253899574,-7.830609798431396,0.9666190874390576,0.9666042920463224,0.9343238574023718
24,57145.9488425926,57145.95134259259,2,5,3.859440326690674,-0.0008537429207577,8.0108642578125e-05,-3.863137245178223,,0.92435475624052,0.8544317153844712
24,57145.9488425926,57145.95134259259,2,6,4.025105953216553,-0.0048196333723531,-0.0025502517819404,-3.8322501182556152,0.9157002492114996,0.91571272274964,0.8385297906055593
24,57145.9488425926,57145.95134259259,2,7,4.009084224700928,-0.0025038021693906,-0.0059429556131362,-3.7666444778442383,0.911936374123658,0.9119579910468651,0.8316673774342344
24,57145.9488425926,57145.95134259259,2,7,4.009084224700928,-0.0025038021693906,-0.0059429556131362,-3.7666444778442383,0.911936374123658,0.9119579910468651,0.8316673774342344
24,57145.9488425926,57145.95134259259,2,9,4.379892349243164,-0.006773251960448,-0.0009157508611679,-3.5379748344421387,0.9183933700447524,0.918393623907227,0.8434468484334492
24,57145.9488425926,57145.95134259259,2,10,3.742532730102539,-0.0030351241257624,0.0003609880805015,-4.010392665863037,0.9168682150850748,0.9168883810475824,0.8406843033000565
24,57145.9488425926,57145.95134259259,2,11,3.94179105758667,0.0063621328557217,0.0222928300499916,-4.318533897399902,0.905465211854248,0.9054677360602242,0.819871821046028
24,57145.9488425926,57145.95134259259,2,11,3.94179105758667,0.0063621328557217,0.0222928300499916,-4.318533897399902,0.905465211854248,0.9054677360602242,0.819871821046028
24,57145.9488425926,57145.95134259259,2,12,3.392390489578247,0.0058220342802559,-63.407414855309526,-5.065306663513184,0.9179533723010972,0.9179601282899617,0.8426507971301229
24,57145.9488425926,57145.95134259259,2,13,5.006393432617188,0.0041013113162634,-0.0002622120082378,-6.208281517028809,0.918929245961286,0.9189453396470716,0.8444605372590719
24,57145.9488425926,57145.95134259259,2,15,6.076140403747559,-0.0039764579801544,-0.0028410553932189,-7.551495552062988,0.9211166089245706,0.9211333319136326,0.8484866151623104
24,57145.9488425926,57145.95134259259,2,16,4.679718971252441,0.012922110323523,0.0120837539434432,-7.337121963500977,-0.9264900419495362,0.9264253743597776,0.858263974257654
24,57145.9488425926,57145.95134259259,2,17,6.143471717834473,0.0079888352949765,0.0043979361653327,-7.845017433166504,1.352600230204907,1.352613798081414,1.829564086760228
24,57145.9488425926,57145.95134259259,2,18,6.733475208282471,-0.0048155373519102,0.0052783489227294,-8.118561744689941,1.4608970258904783,1.4609292251394828,2.13431420086665
24,57145.9488425926,57145.95134259259,2,20,9.070287704467772,-748.2842277231209,0.0082765221595764,-8.976924896240234,0.9537963521831272,0.9537754813543212,0.9096876688326672
24,57145.9488425926,57145.95134259259,2,21,8.021245956420898,0.0136173215214044,0.0127277225255966,-8.118810653686523,-0.9455818209106308,0.9455097416457278,0.8939886715469709
24,57145.9488425926,57145.95134259259,2,22,8.984207153320312,0.0094748847839878,0.003814697265625,-8.684370040893555,0.9354273847694626,0.9354051008165072,0.8749827026335398
24,57145.9488425926,57145.95134259259,2,23,6.955782413482666,0.0056729714382325,0.0121561642736196,-9.240411758422852,0.9491066463350372,0.9491157813297868,0.9008207663692516
24,57145.9488425926,57145.95134259259,2,24,8.0479736328125,0.0021244816680776,-0.006285160779953,-9.91758918762207,-0.9440355540635662,0.9440591210068852,0.8912476239562928
24,57145.9488425926,57145.95134259259,2,25,6.419119834899902,-0.0090722624299966,-0.0114011466503143,-9.166260719299316,0.9395948811672742,0.939576912870226,0.8828047751987441
24,57145.9488425926,57145.95134259259,2,26,7.836854934692383,0.0051975109698771,0.0112800151109695,-9.337350845336914,0.9361277530897498,0.9361390611711468,0.8763563418503961
24,57145.9488425926,57145.95134259259,2,27,9.561248779296877,0.0160050220592184,0.019518750719726,-9.972476959228516,0.9407274978346032,,0.8847607204519334
24,57145.9488425926,57145.95134259259,2,28,9.083685874938965,0.0053835791627148,0.0030356273055076,-8.402145385742188,0.9432075895690404,0.9432181611655064,0.8896604995524389
24,57145.9488425926,57145.95134259259,2,29,9.308820724487305,0.007944056943503,0.0089992173016071,-9.888510704040527,0.9468056459244976,0.946798352707532,0.8964271206896963
24,57145.9488425926,57145.95134259259,2,31,8.287493705749512,0.0038250905825104,0.0018235221505165,-8.911151885986328,0.93129780640577,0.9313155566752994,0.8673486661054228
24,57145.9488425926,57145.95134259259,2,32,9.298114776611328,0.0023000463333543,0.002979353070259,-8.456405639648438,0.9385192781471948,0.938542276869319,0.8808616054710455
24,57145.9488425926,57145.94920069112,2,33,9.012235641479492,0.0066520571159637,-63.407414855309526,-8.524589538574219,0.92754435048329,-0.9275460017482722,0.8603415853592057
24,57145.9488425926,57145.94920069112,2,33,9.012235641479492,0.0066520571159637,-63.407414855309526,-8.524589538574219,0.92754435048329,-0.9275460017482722,0.8603415853592057
24,57145.9488425926,57145.95134259259,2,34,8.138078689575195,-0.0099087693390784,-0.0139214359223842,-9.394702911376951,0.9373580901233752,0.9373314899647992,0.8785903220796304
24,57145.9488425926,57145.95134259259,2,35,8.243683815002441,-0.0127322765607452,-0.019941009581089,-9.190733909606934,0.9393196170232556,0.9392591482985554,0.8822077476625276
24,57145.9488425926,57145.95134259259,2,36,7.775509357452393,-0.0045118218042907,-0.0145887620747089,-7.212071418762207,0.930070087022086,0.9300847180206844,0.8650575826956158
24,57145.9488425926,57145.95134259259,2,37,8.216240882873535,-0.0033332317182176,-0.0001082271337509,-5.406773567199707,0.9538467689987472,0.9538671778556368,0.909862592990277
24,57145.9488425926,invalid_time,2,38,8.445661544799805,0.0059697708333278,0.0059919878840446,-6.448923587799072,0.9339396648148182,0.933946267347407,0.8722556302921542
24,57145.88735327298,57145.95134259259,2,39,8.661758422851562,0.0172691975342013,0.0160165131092071,-605.9906959533691,0.9282015963626964,0.9280664533975692,0.8613073419219425
24,57145.9488425926,57145.95134259259,2,40,6.81620979309082,0.0032325863268769,0.0079068951308727,-5.262518882751465,0.9335764484439558,0.933596523054098,0.8716024678587009
24,57145.9488425926,57145.95134259259,2,41,5.933437347412109,0.003400109929577,0.0024824440479278,-6.170503616333008,0.9411060490940026,0.9411257866000602,0.885717746203582
24,57145.9488425926,57145.95134259259,2,42,8.73259162902832,0.0131504496474804,0.0145042333751916,-5.649416923522949,0.9410147700356434,0.9409487545892504,0.8853845587630615
24,57145.9488425926,57145.95134259259,2,44,8.787498474121094,-0.001224534461718,-0.0122502744197845,-5.597758293151856,0.9490271112904822,0.9490524174474216,0.9007004910627948
24,57145.9488425926,57145.95134259259,2,45,7.439898490905762,0.004009712074406,-0.0032003968954086,-5.301061630249023,0.9476107431558763,0.947628321096972,0.8979994349450657
24,57145.9488425926,57145.95134259259,2,46,7.8479156494140625,-0.0039667364906396,0.0074160993099212,-6.82926082611084,,0.9524387681767577,0.9071396071260596
24,57145.9488425926,57145.95134259259,2,47,7.471952438354492,0.0008319611259787,0.0070841833949089,-7.135259628295898,0.9613098596662104,0.9613359379492528,0.9241667855927695
24,57145.9488425926,57145.95134259259,2,48,7.428086280822754,0.0080314821997226,0.0020393729209899,-6.34242057800293,0.9519004460687016,0.9518927448688864,0.9060997977340226
24,57145.9488425926,57145.95134259259,2,49,8.743281364440918,0.0005694765455499,0.0052825212478637,-8.28107738494873,,0.9629178026712764,0.9272106947012791
24,57145.9488425926,57145.95134259259,2,51,7.690043449401855,-748.2842277231209,0.0130374208092689,-8.600647926330566,0.9604646463104604,0.9604486244614115,0.9224615602298176
24,57145.9488425926,57145.95134259259,2,52,8.24653148651123,0.0053285011571032,0.0107648223638534,-7.876936912536621,0.9670075239100592,0.9670194346513884,var-error
24,57145.9488425926,57145.95134259259,2,53,7.973825454711914,0.0020321786608795,-0.0024554133415222,-8.119638442993164,0.9653184092685289,0.9653428099334314,0.931886740690173
24,57145.9488425926,57145.95134259259,2,54,9.01394271850586,0.0061434099666825,0.0059413760900497,-8.213768005371094,0.9604042889735438,0.960411034005722,0.9223893542399404
24,57145.9488425926,57145.95134259259,2,55,8.358682632446289,-0.0022030458656626,-0.0086766257882118,-7.811254501342773,0.9684023237496244,0.96842642627177,0.937849743101512
24,57145.9488425926,57145.95134259259,2,57,7.961177349090576,0.0076416394659155,-63.407414855309526,-723.2324600219727,0.981722987403912,0.981720233069312,0.9637746160176645
24,57145.9488425926,57145.95134259259,2,58,8.341711044311523,0.0075159825179248,0.0030628144741058,-9.001025199890137,0.9767037034966296,-0.9767016260532536,0.9539460663350698
24,57145.9488425926,57145.95134259259,2,59,8.371718406677246,0.0141116701654596,0.013313353061676,-7.435564041137695,0.9764853648688684,0.9764102258737848,0.9533769291908952
24,57145.9488425926,57145.95134259259,2,60,850.1457214355469,0.0118004341499184,0.0101110935211181,-6.563016891479492,0.9836774156270724,0.9836336707681306,0.9675351982687872
24,57145.9488425926,57145.95134259259,2,61,8.121007919311523,0.0057686528779675,0.0017592757940292,-8.786445617675781,0.9653706684955344,,0.931958468001354
24,57145.9488425926,57145.95134259259,2,62,8.106687545776367,-0.0057684667982194,-0.0094491839408874,-7.039333820343018,0.9524031045461564,0.9524118051401006,-0.9070882465702248
24,57145.9488425926,57145.95134259259,2,63,8.950532913208008,0.0096031721865481,0.0004831552505493,-7.912099838256836,0.98635677577476,0.9863371403461124,0.9728609544261468
24,57145.9488425926,57145.95134259259,2,64,8.420970916748047,0.012447795491734,0.0134697519242763,-7.613654136657715,0.9923681702628716,0.9923173984146112,0.9846938191963424
24,57145.9488425926,57145.95134259259,2,65,9.06108283996582,0.0046765959709706,-0.0104368031024932,-8.060892105102539,0.9794037940751796,0.9794195540284552,0.959262662813298
24,57145.9488425926,57145.95134259259,2,67,7.87580680847168,0.0073664871960119,0.0006603300571441,-8.409309387207031,0.967271769303658,0.9672702934680804,0.9356118206258264
24,57145.9488425926,57145.95134259259,2,69,8.686874389648438,0.0108904925835371,0.0079293921589851,-8.889043807983398,0.9754648419008498,0.9754308508366116,0.9514653447638364
24,57145.9488425926,57145.95134259259,2,70,9.04745388031006,-748.2842277231209,0.0045991539955139,-8.519624710083008,0.9863264993883012,0.9863351353096176,0.972856999146242
24,57145.9488425926,57145.95134259259,2,71,9.086230278015137,0.0201429319783944,0.0123401880264282,-8.612715721130371,,0.9807256213166456,0.9618227443069204
24,57145.9488425926,57145.95134259259,2,73,7.438386917114258,0.0090170863837628,0.0103964507579803,-8.648738861083984,0.9691592466041477,0.9691439247385408,0.9392399468576228
24,57145.9488425926,57145.95134259259,2,74,8.28814697265625,0.0143637249800598,0.0104137677699327,-9.339529991149902,0.9736267053938512,0.9735475064218176,0.947794747260139
24,57145.9488425926,57145.95134259259,2,75,8.76351547241211,0.0033193500288068,-0.0108471903949975,-6.409099102020264,0.96150329246857,0.9615240092110116,0.9245284202892174
24,57145.9488425926,57145.95134259259,2,76,8.802656173706055,0.0066511215652688,0.0059463083744049,-892.4602508544922,,0.96628057305386,0.9336981458612962
24,57145.9488425926,57145.95134259259,2,77,8.887916564941406,0.0038817044339126,0.003936767578125,-10.028066635131836,0.9769287181776556,0.9769478666707612,0.9544271341925517
24,57145.9488425926,57145.95134259259,2,78,8.690366744995117,0.00756510487541,0.0002663228660821,-5.793659210205078,0.9623808670955986,0.9623776039711708,0.926170652625292
24,57145.9488425926,57145.95134259259,2,79,9.197263717651367,0.0009325078640919,-0.0115541890263557,-7.377123832702637,0.9596885706513644,0.959714512754316,0.921051945991254
24,57145.9488425926,57145.95134259259,2,80,8.729625701904297,0.0081730001201627,0.0061450581997632,-8.57153606414795,0.9606228097473408,0.9606144493668568,0.9227801203323898
24,57145.9488425926,57145.95134259259,2,81,8.337322235107422,0.0131327119818947,0.0059553906321525,-9.578048706054688,0.9499204248710416,0.949855761363351,0.9022259673951512
24,57145.9488425926,invalid_time,2,82,9.11569595336914,0.0023422269306338,-0.0054877325892448,-8.934806823730469,0.9529439970166004,0.9529673266910278,0.908146725740644
24,57145.9488425926,57145.95134259259,2,83,6.340884685516357,-0.0115297540563376,-0.0094164013862609,-9.162908554077148,0.9500344859091636,0.9499906491149052,0.9024822334057592
24,57145.9488425926,57145.95134259259,2,84,8.574752807617188,-0.0035332598724034,-0.0054599046707153,-9.174487113952637,0.9544075289965472,0.9544272371212592,0.9109313509589204
24,57145.9488425926,57145.95134259259,2,85,7.8989410400390625,0.0133986461388818,0.0196045786142349,-8.463930130004883,0.9625697286717368,0.9625029422214962,0.926411913785037
24,57145.9488425926,57145.95134259259,2,85,7.8989410400390625,0.0133986461388818,0.0196045786142349,-8.463930130004883,0.9625697286717368,0.9625029422214962,0.926411913785037
24,57145.9488425926,57145.95134259259,2,86,8.735469818115234,-0.0009766808069683,-0.0089815594255924,-7.914209842681885,0.9621807591195533,0.962206732939098,0.9258417969133328
24,57145.9488425926,57145.95134259259,2,87,7.18238639831543,0.0021449575046225,-0.00072827283293,-6.936594009399414,0.9583445764598254,0.9583685428805234,0.9184702639829376
24,57145.9488425926,57145.95134259259,2,88,7.292637348175049,-748.2842277231209,0.0163934826850891,-5.106290817260742,0.9627982435987252,0.9627847868717768,0.9269545458317328
24,57145.9488425926,57145.95134259259,2,89,7.875660896301269,0.0020961229473041,0.005051851272583,-813.5461807250977,0.942490924127771,0.9425145081806292,0.8883335981309731
24,57145.9488425926,57145.95134259259,2,90,6.786533355712891,-0.0035141877859839,-0.0029915776103734,-8.20128059387207,0.94559231490227,0.9456117892590544,0.8941816559857103
24,57145.9488425926,57145.95134259259,2,91,8.174932479858398,-0.0002712044352473,0.0105514824390411,-8.194864273071289,-0.9511490643374672,0.9511751931631554,0.904734248088966
24,57145.9488425926,57145.95134259259,2,93,8.665128707885742,-0.000598993167535,0.0021300353109836,-9.012337684631348,0.9539580805933372,0.95398411566184,-0.9100856929351032
24,57145.9488425926,57145.95134259259,2,94,861.9698524475098,-0.0136827383311001,-0.0144909769296646,-7.099160671234131,0.944210703072489,0.9441375178707304,var-error
24,57145.9488425926,57145.95134259259,2,95,7.957700729370117,-0.0121711829172096,-0.0090504735708236,-6.085937023162842,0.9342458467291028,0.9341922517827654,0.8727151632909538
24,57145.9488425926,57145.95134259259,2,96,7.53469181060791,-0.0052475718639568,-0.0027884244918823,-5.869823455810547,0.9360847958758036,0.9360958298831232,0.8762754027245729
24,57145.9488425926,57145.95134259259,2,97,8.710700988769531,-0.0075955400074433,-0.0113492012023925,-7.104341506958008,0.937115372576492,0.9371103509671994,0.8781758098898677
24,57145.9488425926,57145.95134259259,2,98,7.701333522796631,-0.0012641424342574,-0.0026394724845886,-8.596571922302246,0.946463364625184,0.9464885360543456,0.8958405488822982
24,57145.88735327298,57145.95134259259,2,99,8.684297561645508,0.0098426269291659,0.0210626944899559,-5.673324108123779,0.9445366208701654,0.9445113006600464,0.8921015970745328
24,57145.9488425926,57145.95134259259,2,101,7.556693077087402,0.0118286119742654,0.0200039595365524,-8.60772705078125,0.9395767174740098,0.9395280790557494,0.8827130113341866
24,57145.9488425926,57145.95134259259,2,102,7.834060668945312,0.0046302739615672,0.0035327970981597,-8.889653205871582,0.9329791333123224,0.9329932839572842,0.8704764679093976
24,57145.9488425926,57145.95134259259,2,103,8.98321533203125,-0.0019356567140742,-0.005911499261856,-7.20963191986084,0.9367149134721956,0.9367386725129032,0.8774793405812364
24,57145.9488425926,57145.95134259259,2,104,7.959653854370117,-0.0012589284080173,-0.0001706816256046,-7.852756500244141,,0.9440856454350454,0.8912977059165061
24,57145.9488425926,57145.95134259259,2,105,7.452425956726074,-0.0031111025032945,-0.0004960745573043,-8.507392883300781,0.9400624355151432,0.9400831142745928,0.883756261744217
24,57145.9488425926,57145.95134259259,2,106,8.039369583129883,0.0153627922668557,0.0056681334972381,-8.58892822265625,0.936076568692229,0.9359762206274398,0.8760514855800258
24,57145.9488425926,57145.95134259259,2,107,7.435958385467529,-0.0010365659754293,0.0046892315149307,-8.625964164733887,0.947313455642776,0.94733891468069,0.8974510192683876
24,57145.9488425926,57145.95134259259,2,108,6.704673767089844,-748.2842277231209,0.0130031127482652,-6.051964282989502,0.9284761466097756,0.9284863535507456,0.8620869087299601
24,57145.9488425926,57145.95134259259,2,109,7.7346577644348145,-0.0028295560674946,-0.0035084746778011,-6.188668251037598,0.9260668132228506,0.9260879327468932,-0.8576388591794144
24,57145.9488425926,57145.95134259259,2,110,7.61292839050293,-0.005891064536338,-0.0017933622002601,-7.548794746398926,0.9339192623342036,0.9339263397109152,0.8722184080058277
24,57145.9488425926,57145.95134259259,2,111,7.566508769989014,0.0036000608131252,0.0003992915153503,-7.762707710266113,0.9298530988024396,0.9298716787819372,0.8646613390007384
24,57145.9488425926,57145.95134259259,2,112,7.079857349395752,0.0040912927944049,0.0194314876571297,-8.030134201049805,,0.9332632827950786,0.870980355013447
24,57145.9488425926,57145.95134259259,2,114,7.494759082794189,0.0013489161335248,0.0036725923418998,-8.02839469909668,0.9287301205673432,0.9287546593558648,0.8625852172752283
24,57145.9488425926,57145.95134259259,2,115,6.299653053283691,0.0034641025204385,0.0042150728404521,-7.800872802734375,0.930574783847281,0.930593902311334,0.8660050110190366
24,57145.9488425926,57145.95134259259,2,116,6.38574743270874,-0.0031194936471817,-0.0134656876325607,-7.214197635650635,,0.926886146732139,0.8591179290039523
24,57145.9488425926,57145.95134259259,2,117,7.802525997161865,-0.014253398609235,-0.0057513713836669,-7.794108867645264,,0.9341037981657828,0.8725499057477417
24,57145.9488425926,57145.95134259259,2,118,8.025718688964844,-0.0045335621372438,-0.0090244188904762,-6.865394115447998,0.9363706608128568,0.9363854110561216,0.8768176380387417
24,57145.9488425926,57145.95134259259,2,119,5.32984733581543,0.0002157402992668,-0.0033944398164749,-7.250208854675293,0.93872853487629,0.938754300392942,0.8812596365062418
24,57145.9488425926,57145.95134259259,2,120,7.410526275634766,-0.0023056689778261,-0.0113702118396759,-7.784622669219971,,0.9288248560588492,0.8627156132327417
24,57145.9488425926,57145.94920069112,2,121,6.534657955169678,-0.004789448918437,-0.0008737184107303,-5.894894123077393,0.927560557142065,0.9275736750690796,0.8603929226811582
24,57145.9488425926,57145.95134259259,2,122,5.259871006011963,-0.0038932430425884,0.0005150958895683,-5.719747543334961,0.9149999191010092,0.9150167745313534,0.8372556976737617
24,57145.9488425926,57145.95134259259,2,123,6.725307464599609,-0.002552994090378,0.0060193017125129,-7.002889156341553,0.9300273994958796,0.9300494465702976,0.8649919730657166
24,57145.9488425926,57145.95134259259,2,125,6.1438093185424805,0.0012159559034977,0.0121604055166244,-5.034712791442871,0.9241597069956996,0.9241842970803748,0.8541166149699463
24,57145.9488425926,57145.95134259259,2,126,7.690515518188477,0.0031428433755658,-0.0056021213531494,-7.301992416381836,0.9295512518369768,0.9295714768220767,0.8641031305211769
24,57145.9488425926,57145.95134259259,2,127,7.566110610961914,-0.0037367006967479,-0.0011680647730827,-8.053375244140625,0.941270601602084,0.9412890444513476,0.8860250652041309
24,57145.9488425926,57145.95134259259,2,128,6.9031982421875,-0.0026923173270955,-0.0009239949285984,-8.464651107788086,0.9418104871320652,0.9418325137873594,0.8870484840270165
25,57145.951527777775,57145.95179328372,2,-10,6.841945648193359,-0.0022255050270058,-0.0060967248864471,-7.190481185913086,,0.958689394047334,0.9190853542588442
25,57145.951527777775,57145.95393518519,2,-10,676.3853073120117,0.0096247605723581,0.0110501907765865,-7.573208808898926,0.964503796470072,0.964481226407525,0.9302240360925637
25,57145.89003845815,57145.95393518519,2,-10,8.261594772338867,0.0014897646197927,-0.0041423216462135,-8.390066146850586,0.9744312610438598,,0.9495642064291092
25,57145.951527777775,57145.95393518519,2,0,3.61838173866272,0.0005462209529629,0.0002229884266853,-3.49151611328125,0.8951588059382019,0.895182254199086,0.8013512682329571
25,57145.951527777775,57145.95393518519,2,2,3.3863658905029297,-0.0004397422503785,-0.0043977200984954,-3.7806320190429688,0.906167280375077,0.9061910790008936,0.8211822716608039
25,57145.951527777775,57145.95393518519,2,3,6.999725818634033,0.0057496236480687,0.0031260997056961,-5.238126277923584,0.9489536522560906,0.948961267475512,0.9005274871687304
25,57145.951527777775,57145.95393518519,2,4,6.151308059692383,-0.0046683104475088,-0.001258909702301,-7.3581461906433105,0.9338765944108116,0.933889563552736,0.8721497169127199
25,57145.951527777775,57145.95393518519,2,5,3.7348015308380127,-0.000341100948928,0.0046308636665344,-3.468451976776123,0.9112939817972456,0.9113179585308724,0.8305004215408767
25,57145.951527777775,57145.95393518519,2,6,3.529449462890625,0.00131663434107,0.0053088441491127,-3.806957244873047,0.8952476649255376,0.8952703139770768,0.8015089350886138
25,57145.951527777775,57145.95393518519,2,7,3.5999536514282227,0.0021054466372738,-0.0070721702650189,-3.480194091796875,0.9093873513533264,-0.909408904257274,0.8270245551424158
25,57145.951527777775,57145.95393518519,2,8,4.988276481628418,-0.0063479646385237,-0.0064477007836103,-3.592550754547119,0.9082423880077743,0.9082441633553616,0.824907460269081
25,57145.951527777775,57145.95179328372,2,9,4.2655229568481445,0.0021360963775359,-63.407414855309526,-4.261638641357422,0.906147715049698,0.9061691020401887,0.8211424414923223
25,57145.951527777775,57145.95393518519,2,10,4.232385635375977,0.0047580571388209,0.0040384344756603,-4.721861839294434,0.9067382937806764,0.9067497299403672,0.8221950727469289
25,57145.951527777775,57145.95393518519,2,11,4.642770290374756,-0.001834325145728,-0.0030038803815841,-4.398764610290527,0.9102144290304244,0.9102365927459488,var-error
25,57145.951527777775,57145.95393518519,2,12,6.048254489898682,-0.0001275783483178,0.0018275566399097,-4.199680805206299,0.9080634456149526,0.9080873920018832,0.8246227115127819
25,57145.951527777775,57145.95393518519,2,14,5.638196468353272,0.0057763083806184,0.0042606145143508,-4.8543195724487305,0.911758063103873,-0.911763817779608,0.8313132594120461
25,57145.951527777775,57145.95393518519,2,15,6.633000373840332,0.0008142148089019,0.0007462874054908,-4.991645336151123,0.9160336517300612,0.9160574554726256,0.8391612617269817
25,57145.951527777775,57145.95393518519,2,16,6.390288352966309,-0.004735815092865,-0.0041273981332778,-4.929298400878906,0.9115956102411424,0.9116073568869676,0.8310279731304432
25,57145.951527777775,57145.95393518519,2,17,7.24177360534668,-0.0018354486676035,-0.0011146664619445,-7.93986177444458,1.3481104321710111,1.3481447467550007,1.817494258203105
25,57145.951527777775,57145.95393518519,2,18,8.257169723510742,0.006327791601824,-0.00456353276968,-8.299642562866211,1.5256041807799148,1.52563135280176,2.3275510246517284
25,57145.951527777775,57145.95393518519,2,19,7.273209571838379,0.0046851302902361,-0.0041637048125267,-6.833271026611328,0.925713359792228,0.9257259244073052,var-error
25,57145.951527777775,57145.95393518519,2,20,7.547063827514648,0.0109139999556852,0.011058397591114,-9.128490447998049,-0.9432541023229412,0.943215856024839,0.88965615105667
25,57145.951527777775,57145.95393518519,2,21,7.478823184967041,0.001686779904593,-0.0015741735696792,-7.948825836181641,0.925370274892361,0.9253931532858036,0.856352488148243
25,57145.951527777775,57145.95393518519,2,22,8.615494728088379,0.0035851188464984,0.0039154291152954,-9.038751602172852,0.9378093849672778,0.9378272760329336,0.8795199996713524
25,57145.951527777775,57145.95393518519,2,23,9.041909217834473,-8.57372991021512e-06,0.0036630854010581,-7.158273220062256,0.9363063373898612,0.9363310508062512,0.8767158367039388
25,57145.951527777775,57145.95393518519,2,25,8.768020629882812,0.006379897246916,0.0050385445356369,-7.405363082885742,0.9275148108722294,,0.8602884358809286
25,57145.951527777775,57145.95393518519,2,26,8.665359497070312,0.0003076005911458,-0.0013600662350654,-8.512500762939453,0.9321795217291192,0.9322040755066456,0.8690044383911997
25,57145.951527777775,57145.95393518519,2,27,7.825078010559082,-0.0011382241135276,-0.0032880678772926,-7.771170139312744,0.9441364922420876,0.94416073414365,0.8914394918986763
25,57145.951527777775,57145.95393518519,2,28,7.585358619689941,-0.001999290022966,-0.0038242470473051,-7.746872901916504,0.9463997804321452,0.9464226511082284,0.8957158345307277
25,57145.951527777775,57145.95393518519,2,29,8.252874374389648,0.0054418810578144,0.0068859122693538,-8.296578407287598,0.9498599550358556,0.949869444987766,0.9022519625213664
25,57145.951527777775,57145.95179328372,2,31,7.624905586242676,0.0107114985737361,0.0157244801521301,-8.424668312072754,0.9455305495770112,0.9454948287151964,0.8939604711271787
25,57145.951527777775,57145.95393518519,2,32,7.460821151733398,0.005792590191046,0.0014709532260894,-5.686084747314453,0.9489423596869346,0.9489497408506424,0.9005056106605016
25,57145.951527777775,57145.95393518519,2,33,7.790536880493164,0.002605577927171,0.0008349120616912,-7.88706636428833,0.9448844840273836,0.9449058246954588,0.8928470175434053
25,57145.951527777775,57145.95393518519,2,34,8.33569049835205,0.0037333399719542,0.0103564299643039,-8.417768478393555,0.9404569026762284,0.9404743113930664,0.8844919303902625
25,57145.951527777775,57145.95393518519,2,35,8.40200424194336,0.0005235443107185,-0.0014528706669807,-8.756336212158203,0.9368529248857554,,0.8777394499171978
25,57145.951527777775,57145.95393518519,2,36,8.879765510559082,-0.0014285878336313,0.000500313937664,-8.323554992675781,0.9422353977270984,0.9422591794084276,0.8878523611794432
25,57145.951527777775,57145.95393518519,2,37,7.000494480133057,-0.0047240171993078,-0.007936954498291,-8.496000289916992,0.9507250909611032,0.950738453428564,0.9039036068277376
25,57145.951527777775,57145.95393518519,2,38,8.304194450378418,-0.0017934354082192,-0.0074860155582427,-8.388900756835938,0.9507346174062996,-0.9507580081885256,0.9039407901346124
25,57145.89003845815,57145.95393518519,2,39,8.280529022216797,-748.2842277231209,-0.0014845579862594,-7.515707492828369,0.9416199762500724,0.9416393225670064,0.8866846138044506
25,57145.951527777775,57145.95393518519,2,40,7.089601516723633,0.001060773008317,-0.0056056305766105,-7.216019153594971,0.9402644731729978,0.9402886809374672,0.8841428034991219
25,57145.951527777775,57145.95393518519,2,41,8.876943588256836,-0.0044296057753068,0.0025818385183811,-8.545650482177734,0.9460090600532656,0.9460236454805632,0.8949607378083342
25,57145.951527777775,57145.95393518519,2,42,8.429948806762695,0.0080797287210635,0.0097372904419898,-8.42397689819336,0.946109266862167,0.946099729364009,0.895104697902651
25,57145.951527777775,57145.95393518519,2,42,8.429948806762695,0.0080797287210635,0.0097372904419898,-8.42397689819336,0.946109266862167,0.946099729364009,0.895104697902651
25,57145.951527777775,57145.95393518519,2,43,7.593002796173096,-0.0017960184505439,0.0072896778583526,-7.1042022705078125,0.926429418964488,0.9264521191411688,0.8583135290611625
25,57145.951527777775,57145.95393518519,2,44,8.357115745544434,0.0098434605442009,0.0037517994642257,-8.388427734375,0.9460964810345824,0.9460702298844677,0.8950488798736496
25,57145.951527777775,57145.95393518519,2,46,8.182428359985352,-0.0012940184178283,-0.008316546678543,-7.88790225982666,0.9524386789904592,0.9524629272409126,0.907185627768328
25,57145.951527777775,57145.95393518519,2,47,7.852224349975586,0.0062315925694067,0.0045684278011322,-8.555621147155762,0.9612622635160786,0.9612674280652156,0.9240350682591144
25,57145.951527777775,57145.95393518519,2,48,8.229158401489258,-0.0026576949785506,-0.0034812614321708,-8.382678985595703,0.956777237696814,0.9567987894933432,var-error
25,57145.951527777775,57145.95393518519,2,49,7.482822418212891,-0.007266508562625,-0.0073124626651406,-8.19975757598877,0.9552866014231344,0.9552841686038436,0.9125678427851364
25,57145.951527777775,57145.95393518519,2,50,7.46881103515625,0.0118264121539353,0.0127590596675872,-8.323461532592773,0.9530608194963808,0.9530125822412756,0.908232981910184
25,57145.951527777775,57145.95393518519,2,50,7.46881103515625,0.0118264121539353,0.0127590596675872,-8.323461532592773,0.9530608194963808,0.9530125822412756,0.908232981910184
25,57145.951527777775,57145.95393518519,2,51,7.754184722900391,-0.0028201436304727,-0.0069432407617568,-8.457292556762695,0.9543292461485264,,0.910784411738616
25,57145.951527777775,57145.95393518519,2,53,6.402101039886475,0.0082550974133644,0.0005842447280883,-8.01606273651123,0.952669032366034,0.9526584032946184,var-error
25,57145.951527777775,57145.95393518519,2,54,5.886573791503906,-0.0009318014292297,-0.0165838077664375,-9.198196411132812,0.9563192468374796,0.956344022571488,0.9145938895082146
25,57145.951527777775,57145.95393518519,2,55,6.2170729637146,-0.0053416108786012,-0.0100304372608661,-8.369542121887207,0.9552425511304252,0.955252815737594,0.912507941974602
25,57145.951527777775,57145.95393518519,2,56,6.604426860809326,-0.0095158827005051,-0.0064456686377525,-8.38016128540039,0.9430641494383758,0.9430410161701178,0.8893263581791685
25,57145.951527777775,57145.95393518519,2,57,7.080714225769043,0.0036275936578649,0.0009655114263296,-6.733678817749023,0.9515419315969702,0.951560126885108,0.9054666750776028
25,57145.951527777775,57145.95393518519,2,60,8.348691940307617,-0.0029147876771183,-0.0062951035797595,-8.835558891296387,0.9857592356971075,0.9857809435847076,0.9717640687347566
25,57145.951527777775,57145.95393518519,2,61,8.954551696777344,0.0042269628855473,0.0010499358177185,-7.765054702758789,0.9742837661867924,0.974300308275096,0.9492610907049472
25,57145.951527777775,57145.95393518519,2,62,7.476047039031982,0.0058922098387318,0.0089712589979171,-8.42022705078125,0.96065247894972,0.9606597562559857,0.9228671672898098
25,57145.951527777775,57145.95393518519,2,63,7.904895782470703,-0.0011218697442706,0.0014431700110435,-861.0797882080078,0.9938182134403712,0.9938438116733268,0.9877255220013672
25,57145.951527777775,57145.95393518519,2,64,920.3554153442385,0.0041532602656477,0.0058716386556625,-8.987199783325195,1.0199018421364645,1.0199203295000652,1.0402374785275217
25,57145.951527777775,57145.95393518519,2,65,8.550373077392578,0.0096902299841025,0.0079706832766532,-866.8312072753906,0.9874527191733496,0.987431238860799,0.9750204514781722
25,57145.951527777775,57145.95393518519,2,66,7.651566982269287,0.0046453270693146,0.0161012411117553,-7.859519958496094,0.9892034531276168,0.989218659277464,0.9785535558627037
25,57145.951527777775,57145.95393518519,2,67,8.082773208618164,0.0035719383286883,0.005629263818264,-6.280571460723877,0.955010204554863,0.9550287262719048,0.9120798680045372
25,57145.951527777775,57145.95393518519,2,68,8.013870239257812,-0.0052999636385278,-0.0081293322145938,-6.884459018707275,0.9520428269548716,0.952053202980415,0.9064053013052672
25,57145.951527777775,57145.95393518519,2,69,7.949504375457764,0.004167756445041,-0.0032049901783466,-8.02189826965332,0.9709560282773876,0.9709727165419092,0.942788016268775
25,57145.951527777775,57145.95393518519,2,71,7.972314834594727,0.000706565593722,-0.0023954939097166,-7.979203701019287,0.9679702789249196,0.96799557834932,0.9370154397038346
25,57145.951527777775,57145.95393518519,2,72,8.940329551696777,0.0038926728712995,-0.0037673637270927,-7.1433210372924805,0.9584597395575593,0.9584771366904504,0.9186784215583242
25,57145.951527777775,57145.95393518519,2,73,8.174455642700195,0.0027332263603833,0.0015549510717391,-7.327742576599121,0.9496630894819208,0.9496842274151664,var-error
25,57145.951527777775,57145.95393518519,2,74,7.42602014541626,3.1659730998963295e-05,-0.0084601826965808,-7.817068099975586,0.9578159885881748,0.9578412772697508,0.9174599124417474
25,57145.951527777775,57145.95393518519,2,75,7.173295021057129,-0.0054427171934548,-0.0207418054342269,-8.04840087890625,0.962562254079686,0.9625722978643314,0.9265454286158192
25,57145.951527777775,57145.95393518519,2,76,726.1075019836426,-0.0081300782055989,-0.0184988304972648,-8.501352310180664,0.9450217497207674,0.9450117277762834,0.8930471656347164
25,57145.951527777775,57145.95393518519,2,77,8.091449737548828,-0.0029581684381549,0.0012182295322418,-8.560821533203125,0.9667202195639132,0.9667412244731872,0.9345885950959174
25,57145.89003845815,57145.95393518519,2,78,7.30240535736084,-0.0045252797861599,-0.0093793720006942,-8.061775207519531,0.9651376748040952,0.9651525534379444,0.9315194514077844
25,57145.951527777775,57145.95393518519,2,79,6.985071659088135,-0.0019614201655002,0.0052968226373195,-6.669062614440918,0.9530978767486586,0.9531210443607522,0.9084397252033308
25,57145.951527777775,57145.95393518519,2,81,7.121259689331055,0.0006856119800023,-0.0019387751817703,-6.557366847991943,0.9390485569554032,0.9390731121389376,0.8818583099423095
25,57145.951527777775,57145.95393518519,2,82,8.252713203430176,0.0096084639716508,0.009653378278017,-6.447920322418213,0.9378054448721922,0.9377809935566572,0.8794331918761111
25,57145.951527777775,57145.95393518519,2,83,6.635841369628906,0.0121105568094314,0.0160079598426818,-6.743798732757568,0.942035537889003,0.9419825706427234,0.8873311633946733
25,57145.951527777775,57145.95393518519,2,84,5.803997039794922,0.0042650541895168,0.0034767985343933,-5.665277481079102,0.9396231860633086,0.939638330571061,0.8829201922783706
25,57145.951527777775,57145.95393518519,2,85,8.211109161376953,-0.0086047478814278,-63.407414855309526,-8.36442756652832,0.94933018404936,0.9493162651363696,0.9012013712524656
25,57145.951527777775,57145.95393518519,2,86,5.289213180541992,-748.2842277231209,-0.0015691816806793,-6.338273525238037,0.946476286243958,0.946478602467127,0.8958217449281258
25,57145.951527777775,57145.95393518519,2,86,5.289213180541992,-748.2842277231209,-0.0015691816806793,-6.338273525238037,0.946476286243958,0.946478602467127,0.8958217449281258
25,57145.951527777775,57145.95393518519,2,87,5.30823278427124,-0.0033967882847973,-0.0032442212104797,-6.574658393859863,0.952195404861814,,0.9067124768948112
25,57145.951527777775,57145.95393518519,2,87,5.30823278427124,-0.0033967882847973,-0.0032442212104797,-6.574658393859863,0.952195404861814,,0.9067124768948112
25,57145.951527777775,57145.95393518519,2,88,5.248873710632324,-0.0005557949215185,0.0040528830140829,-7.691604137420654,0.9505249274167608,0.9505498854954124,0.9035450848153416
25,57145.951527777775,57145.95393518519,2,89,8.162091255187988,0.0038929621785237,0.0042341351509094,-8.233181953430176,0.9253407975908132,0.925357046595094,0.8562856636831951
25,57145.951527777775,57145.95393518519,2,90,8.012990951538086,-0.0006441994719307,-0.0064978599548339,-7.3727946281433105,0.9283104500530956,0.9283347457603632,0.861805400185958
25,57145.89003845815,57145.95393518519,2,91,7.527350902557373,0.0091740683626762,0.004398513585329,-6.893093109130859,0.9492553943463417,0.9492361504750332,0.9010492693686596
25,57145.951527777775,57145.95393518519,2,92,6.135257720947266,-0.002792743350712,-0.0097316391766071,-5.0057148933410645,0.9382336583017216,0.9382542922471628,0.8803211169202245
25,57145.951527777775,57145.95393518519,2,93,8.69583511352539,-0.0044826093459267,-0.0008090361952781,-8.226266860961914,,0.9384122639330416,0.8806175770999364
25,57145.951527777775,57145.95393518519,2,94,7.973635196685791,-0.0081291252856893,-0.0064317733049392,-8.3592529296875,,0.9306553434248866,0.8661193682452937
25,57145.951527777775,57145.95393518519,2,95,8.5224027633667,-0.0044036618009598,-0.0164749026298522,-7.91310977935791,-0.9305307897892682,0.9305449434535096,var-error
25,57145.951527777775,57145.95393518519,2,97,7.740195274353027,-0.0125371579950483,-0.0109730958938598,-8.144201278686523,0.9339305021101174,,0.872115046210972
25,57145.951527777775,57145.95393518519,2,98,8.130777359008789,-0.0095386178173001,-0.0138548165559768,-8.355463981628418,0.9359009593817844,0.935877049923866,0.8758658525741982
25,57145.951527777775,57145.95393518519,2,99,8.717479705810547,-0.0030312896006971,-0.003740057349205,-7.07937479019165,0.9367434764686932,0.9367633006297146,0.877525481406677
25,57145.951527777775,57145.95393518519,2,100,7.898797988891602,-0.0153578927644685,-0.0137955751270055,-7.694986343383789,0.9309108604756896,0.9308087475382048,0.8664049244936416
25,57145.951527777775,57145.95393518519,2,101,7.990983009338379,-0.0033021564044413,0.0016016624867916,-8.740596771240234,0.9401870373887168,0.9402060488919648,0.8839874143730397
25,57145.951527777775,57145.95393518519,2,102,7.603902816772461,-748.2842277231209,-0.0044004395604133,-8.349769592285156,0.9350024621116796,0.9350202822037676,0.8742629281324134
25,57145.951527777775,57145.95393518519,2,103,8.356894493103027,0.0050048937344073,-0.0052531659603118,-6.553860664367676,0.9405375609980016,0.9405490759432524,0.8846325642577063
25,57145.951527777775,57145.95393518519,2,104,6.406063079833984,-0.0002868889520729,-0.0058697387576103,-7.8050127029418945,0.938628813201965,0.9386535336556656,0.8810704562442679
25,57145.951527777775,57145.95179328372,2,106,7.051594734191895,-0.0008246974477347,-0.0129445418715476,-8.391057968139648,0.9325429542933384,0.93256720244495,0.8696815870760002
25,57145.951527777775,57145.95179328372,2,106,7.051594734191895,-0.0008246974477347,-0.0129445418715476,-8.391057968139648,0.9325429542933384,0.93256720244495,0.8696815870760002
25,57145.951527777775,57145.95393518519,2,107,8.170486450195312,0.0034318355888042,0.0010336264967918,-785.0305557250977,0.9250374626348132,0.9250555009122824,0.8557276797680737
25,57145.951527777775,57145.95393518519,2,108,5.715876579284668,0.006464697568504,0.0100748986005783,-6.615966796875,0.925972090951394,0.9259739524370004,0.8574277605918006
25,57145.951527777775,invalid_time,2,109,7.958412170410156,0.0019446072657354,0.0023402785882353,-6.424293518066406,0.9251604310158958,0.9251827936411902,0.855963201649717
25,57145.951527777775,57145.95393518519,2,110,7.351241111755371,-0.0106157341594413,-0.0087942108511924,-7.666967391967773,0.931037379618978,0.9310014182063217,0.866763640702182
25,57145.951527777775,57145.95179328372,2,112,8.229031562805176,-0.0038553377646248,-0.0026067048311233,-8.442407608032227,0.9312664365415656,,0.8672880721357988
25,57145.951527777775,57145.95393518519,2,113,8.167206764221191,-0.0012039504453892,-0.0082638263702392,-7.436675071716309,0.93593211072546,0.9359560281916616,0.8760136867083101
25,57145.951527777775,57145.95393518519,2,114,7.234624862670898,-0.0041808493989468,-0.0055111944675445,-7.714128494262695,0.9295011044147452,0.9295162236770588,0.8640004100788597
25,57145.951527777775,57145.95393518519,2,115,6.914245128631592,-0.0075463940270742,-0.0053859949111938,-6.867666721343994,0.9260045334486636,0.9259982114311676,0.8574726875737213
25,57145.951527777775,57145.95393518519,2,116,6.765291213989258,-0.000898164691046,0.0048682689666748,-5.4072041511535645,0.9182430079773722,0.9182667925961796,-0.8432139023848749
25,57145.951527777775,57145.95393518519,2,117,6.562749862670898,-0.0137222631089251,-0.0132359936833381,-5.96861743927002,0.9307469817135202,0.9306703717223398,var-error
25,57145.951527777775,57145.95393518519,2,118,8.221674919128418,-0.0136788269561214,-0.0125392228364944,-6.460154056549072,0.9398986648217612,0.9398239146196918,0.8832689904910819
25,57145.951527777775,57145.95393518519,2,119,6.161590099334717,-0.0130290566219616,-0.0115464702248573,-5.541204929351807,0.9289737662798744,0.9289068986950118,0.8628680264431847
25,57145.951527777775,57145.95393518519,2,120,7.405181407928467,0.0061150959283986,0.002223003655672,-640.5149459838867,0.9340491821242534,0.9340538048924242,0.8724565104340148
25,invalid_time,57145.95393518519,2,121,7.072490692138672,0.0069360941927772,0.0074200928211212,-5.909875869750977,0.9337165268908028,0.933715395634034,0.8718244400440207
25,57145.951527777775,57145.95393518519,2,122,5.249544143676758,0.0007359790281121,0.0028959065675735,-6.102768898010254,0.9336953669679192,0.9337197084322374,0.8718324939147823
25,57145.951527777775,57145.95393518519,2,123,7.130902290344238,-0.0050669107132129,-0.010512463748455,-6.524394035339356,0.9472702224176144,0.9472816602627644,0.8973425438701793
25,57145.951527777775,57145.95393518519,2,124,7.185713768005371,-0.0043984281367776,-0.0047397017478942,-6.308540344238281,0.9458393882643776,0.9458541128595316,-0.8946400028132913
25,57145.951527777775,57145.95393518519,2,126,6.302645683288574,-0.0176350988354992,-0.0174199044704437,-7.112149238586426,0.941525308199144,0.94138497297162,0.8862056673367776
25,57145.951527777775,57145.95393518519,2,127,7.045461654663086,-0.0012223323016537,-0.0041807144880294,-7.81952428817749,0.9592841459092638,0.9593086763904136,0.9202731365979276
25,57145.951527777775,57145.95393518519,2,128,7.563459396362305,0.0058807790060195,0.0055485963821411,-7.675971984863281,0.9698083485793224,0.969816107467442,0.9405432823033012
26,57145.95412037037,57145.9544784689,2,-10,4.509174823760986,0.0167971530276866,0.0170432031154632,-4.317160606384277,0.9010585788011952,0.9009249200769996,0.811665711615748
26,57145.95412037037,57145.95662037037,2,-10,6.208445549011231,0.0029049446028274,0.007861852645874,-5.901122093200684,0.9139811364182318,0.9139997713239748,0.8353955819802783
26,57145.95412037037,57145.95662037037,2,-10,8.241650581359863,0.009774349557907,0.0035236254334449,-607.5171947479248,0.9230674705027848,0.923039198952996,0.8520013628037886
26,57145.95412037037,57145.95662037037,2,-10,8.714384078979492,0.0007938714167628,0.0026693791151046,-6.477724075317383,0.9362032161527328,0.9362267012165912,0.8765204360709001
26,57145.95412037037,57145.95662037037,2,-10,4.430228233337402,-0.0003703740146878,0.003332994878292,-6.022278308868408,0.9249653663102588,0.924988821883743,0.8556043206098749
26,57145.95412037037,57145.95662037037,2,-10,7.674498081207275,-0.0006715640336127,-0.000836431980133,-7.489232063293457,0.9254209893278548,0.9254442881656588,0.856447130498443
26,57145.95412037037,57145.95662037037,2,0,3.758939266204834,0.0086916147547027,0.0155762359499931,-4.068613529205322,0.8995775213443536,0.8995584145034085,-0.809205341103886
26,57145.95412037037,57145.95662037037,2,1,3.781227827072144,0.0006040758401664,0.0043408647179603,-3.435265064239502,0.8958062724673029,0.8958288567509212,0.8025093405876624
26,57145.95412037037,57145.95662037037,2,2,3.544072151184082,0.0069320180602515,0.0166304595768451,-3.470243215560913,0.8955728103453393,0.8955687632754471,0.8020434097547138
26,57145.95412037037,57145.95662037037,2,3,4.035131454467773,-0.0108951180241338,-0.0036209821701049,-4.547466278076172,0.9362946073759532,0.9362550314551582,0.8765734839250994
26,57145.95412037037,57145.95662037037,2,4,5.722743034362793,-0.0081793194165071,0.0018452256917953,-5.162261009216309,0.9232763062086562,0.9232635609766812,0.8524156030273419
26,invalid_time,57145.95662037037,2,5,4.499693870544434,0.0019589827959952,-0.0072143524885177,-3.69043231010437,0.9137666422385848,-0.9137877871447746,0.8350081199349438
26,57145.95412037037,57145.95662037037,2,6,3.603582382202149,-0.0092712970874865,-0.0005536824464797,-3.844597339630127,0.8935330437077389,0.8935076718461819,0.7983559596479842
26,57145.95412037037,57145.95662037037,2,7,3.774971723556519,0.004730520786158,0.0060000028461217,-3.8298261165618896,0.9011151655561244,0.9011256714284964,0.8120274757074587
26,57145.95412037037,57145.95662037037,2,8,3.480419397354126,0.0039199556543965,0.0004822164773941,-3.320570230484009,0.899930749547746,0.899945104822267,0.809901191693561
26,57145.95412037037,57145.95662037037,2,9,3.6462326049804688,0.0067042040483309,0.0083249844610691,-3.79524302482605,0.8980827875641112,0.8980806089529001,0.8065487801772118
26,57145.95412037037,57145.95662037037,2,11,409.20190811157227,-748.2842277231209,0.0056056603789329,-3.5099539756774902,0.8964529693490102,0.8964731802543277,0.8036641629153083
26,57145.95412037037,57145.95662037037,2,12,3.8057007789611816,-0.0083775322579045,-0.007289346307516,-4.156817436218262,0.909408731539024,0.9093932765437196,0.8269961314229223
26,57145.95412037037,57145.95662037037,2,13,4.886775970458984,-0.010896150187418,-0.0134380459785461,-3.4829115867614746,0.9043544503987972,0.9043118104164546,0.8177798504586856
26,57145.95412037037,57145.95662037037,2,14,4.669281005859375,-0.0091490540058834,-0.0179463289678096,-3.7535901069641113,0.9075799162297964,0.907556886852598,0.8236595028735793
26,57145.95412037037,57145.95662037037,2,16,5.253752708435059,-0.0033082231902166,-0.0073253102600574,-3.6597471237182617,0.9012023481287648,0.9012192011089172,0.812196048447395
26,57145.95412037037,57145.95662037037,2,17,8.270938873291016,0.0048350412746424,0.0089790001511573,-7.756553649902344,1.3726007115418233,1.3726271194900603,1.88410520915958
26,57145.95412037037,57145.95662037037,2,18,8.356865882873535,0.0028190459880353,0.0069068521261215,-8.421551704406738,-1.6047680607644788,1.6048066456732466,2.5754043699970173
26,57145.95412037037,57145.95662037037,2,19,4.763374328613281,0.0068180657440456,0.0053220987319946,-4.857294082641602,0.904335782357002,0.9043330845323404,0.8178183277797773
26,57145.95412037037,57145.95662037037,2,20,5.783641338348389,0.008834850862988,0.0152269378304481,-6.039797306060791,0.9100472469835956,0.910027510204796,0.8281500693295404
26,57145.95412037037,57145.95662037037,2,21,4.742543697357178,-0.0040313470463344,0.0061988830566406,-5.361211776733398,0.91548001301417,0.9154944250938666,0.8381300423779492
26,57145.95412037037,57145.95662037037,2,22,5.420700073242188,-0.001345034034864,-0.0093940589576959,-6.476633071899414,0.910020093810292,0.9100422493289068,var-error
26,57145.95412037037,57145.95662037037,2,24,8.498321533203125,0.0034629168878758,0.0108814239501953,-630.8229446411133,0.92215863141356,0.9221755887244412,0.8504078164392697
26,57145.95412037037,57145.95662037037,2,25,8.100906372070312,-0.008282632184244,-0.0185048086568713,-6.7716064453125,0.9209718943049054,0.9209580763960064,0.8481637784790323
26,57145.95412037037,57145.95662037037,2,28,6.141636848449707,-0.0107731097653372,-0.0071441531181335,-6.316992282867432,0.9172029268584244,0.917162988132723,0.8411879468005454
26,57145.95412037037,57145.95662037037,2,29,7.5253682136535645,-0.0082857404166348,-0.0103588849306106,-7.015180587768555,0.9228562491198076,0.9228425284917672,0.8516383323930778
26,57145.95412037037,57145.95662037037,2,30,9.023602485656738,0.0125222174067276,0.0158225893974304,-5.656394004821777,0.92121668272826,0.9211550029386608,0.8485265394389244
26,57145.95412037037,57145.95662037037,2,32,8.717215538024902,0.0080245169101439,0.0149991977959871,-7.9834794998168945,0.9379657701923548,0.937955310604156,0.8797601646905387
26,57145.95412037037,57145.95662037037,2,33,8.72237777709961,0.0001735718056406,-0.0027152970433235,-6.277815818786621,0.9227021838879416,0.9227256397178908,0.8514226061927909
26,57145.95412037037,57145.95662037037,2,34,7.697307586669922,-0.0042491157266022,0.0045762807130813,-6.216266632080078,,0.9229969404666432,0.851923352110784
26,57145.95412037037,57145.95662037037,2,36,9.20826530456543,-0.0012998323254385,-0.0017430633306503,-7.554316520690918,0.9295068447786532,0.9295295811615848,0.8640252422544316
26,57145.95412037037,57145.95662037037,2,37,928.2703399658203,-0.0087753730534618,-0.0087995529174804,-7.968504905700684,0.9439960836941784,0.9439793114153152,0.8910969403801325
26,57145.95412037037,57145.95662037037,2,38,900.1691818237305,0.0002244973870307,0.0023421868681907,-766.5822982788086,0.9290290412609884,0.9290526484397588,0.8631388235729303
26,57145.95412037037,57145.95662037037,2,39,8.693368911743164,-0.0050766563683969,-0.0094463974237442,-6.7978196144104,0.930313502750586,0.9303233165903452,0.8655014733916597
26,57145.95412037037,57145.95662037037,2,40,8.209617614746094,0.0028051621193595,-0.0054554976522922,-7.702534675598144,0.9276302791284856,0.9276496351126454,0.8605338455246242
26,57145.95412037037,57145.95662037037,2,41,8.286696434020996,0.0026077182670305,-0.0007896721363067,-8.688535690307617,0.94093068554253,0.9409510089760283,0.8853888012930058
26,57145.95412037037,57145.95662037037,2,42,7.925717830657959,0.0013640396012553,0.0090039707720279,-8.443025588989258,0.9418687180790052,-0.9418916937151842,0.8871599626896584
26,57145.95412037037,57145.95662037037,2,43,6.015451431274414,-0.010469673829857,-0.0105782076716423,-7.7343292236328125,0.9308798202217756,0.9308446204486596,0.8664717074182089
26,57145.95412037037,57145.95662037037,2,44,8.168689727783203,-0.0009634856697161,-0.0045901089906692,-8.21112060546875,-0.9362755586806296,0.9362988803667306,0.8766555933759932
26,57145.95412037037,invalid_time,2,46,9.251626968383787,-0.0078017929662729,-0.0088855251669883,-8.559368133544922,0.9471005611012088,0.9470925260597854,0.8969842529183053
26,57145.95412037037,57145.95662037037,2,47,8.343449592590332,-0.0013842722206424,-0.0055722743272781,-8.483163833618164,0.9520858284815248,0.9521090540936124,0.9065116508870334
26,57145.95412037037,57145.95662037037,2,48,9.260726928710938,-0.0011219976009071,0.0039815604686737,-8.506345748901367,0.9434089178145152,0.9434322580546468,0.8900644255380897
26,57145.95412037037,57145.95662037037,2,49,8.850874900817871,-0.0037627120981865,-0.0155774503946304,-7.811374664306641,0.9457870209889376,,0.8945444572765853
26,57145.95412037037,57145.95662037037,2,50,7.290213108062744,0.0115054560503368,0.0071907639503479,-7.94303035736084,0.941307275828542,0.9412609057878448,0.8859720927645542
26,57145.95412037037,57145.95662037037,2,51,7.697896003723144,0.0040101590520368,0.001727670431137,-7.564628601074219,0.9498291940576228,0.9498448955449834,var-error
26,57145.95412037037,57145.95662037037,2,52,7.015996932983398,0.0006561954676645,0.0083707720041275,-7.663086891174316,0.9446967310694372,0.9447205482846148,0.8924969143511835
26,57145.95412037037,57145.95662037037,2,53,7.558238983154297,-0.0035390729566458,-0.0044566690921783,-7.441544532775879,0.9488438323470992,0.948861377758076,0.9003379142009541
26,57145.95412037037,57145.95662037037,2,54,7.634665489196777,0.0015585345250027,-63.407414855309526,-6.050555229187012,0.9359168379112528,0.9359393533663242,0.875982473179773
26,57145.95412037037,57145.95662037037,2,55,6.645176887512207,0.0045374366956597,0.0036049038171768,-8.212657928466797,0.9309344623455604,0.9309470880965304,0.8666624808354093
26,57145.95412037037,57145.9544784689,2,56,4.832923412322998,-0.0018939859612153,-0.0004511140286922,-7.999114513397217,0.9320785906420674,0.9321003781830464,0.8688111150089779
26,57145.95412037037,57145.95662037037,2,57,7.046467781066895,-0.0071432744047151,-63.407414855309526,-8.16275691986084,0.9406986200259764,0.9406954346814376,0.8849079008304991
26,57145.95412037037,57145.95662037037,2,58,6.289292812347412,-0.0050846418963653,0.0001927614212036,-6.5699992179870605,0.945101867471974,0.945112237442426,0.8932371413634289
26,57145.95412037037,57145.95662037037,2,58,6.289292812347412,-0.0050846418963653,0.0001927614212036,-6.5699992179870605,0.945101867471974,0.945112237442426,0.8932371413634289
26,57145.95412037037,57145.95662037037,2,59,6.828336238861084,-0.0075556848042346,-0.0125572830438613,-8.285635948181152,0.9427324422717748,0.9427261506711018,0.8887325951591529
26,57145.95412037037,57145.95662037037,2,60,7.35081672668457,-0.0034694030853625,-0.0017251893877983,-8.259944915771484,0.9492279121533976,0.9492457284449975,0.9010674529710742
26,57145.95412037037,57145.95662037037,2,62,9.171701431274414,-0.0019796453658963,-0.0053756982088088,-7.320366382598877,0.9384377486042664,0.938459535380682,-0.8807062995469257
26,57145.95412037037,57145.95662037037,2,63,8.576157569885254,-0.0178285131375609,-0.0211893320083618,-6.829627990722656,0.952343988703818,0.9522013238482387,0.9066873611383386
26,57145.95412037037,57145.95662037037,2,64,6.207747459411621,-0.0036379699482995,-0.0097226053476333,-7.435728073120117,0.9623949434941966,0.9624125716307956,0.9262379580330012
26,57145.95412037037,57145.95662037037,2,65,8.623027801513672,-0.0037115025475787,0.0021386295557022,-8.239476203918457,0.9600745538942494,0.9600918124293386,0.9217762882938524
26,57145.95412037037,57145.95662037037,2,66,7.1184492111206055,0.0003289146860189,-0.0020877383649349,-7.547608375549316,0.9486017085296248,0.94862579233137,0.8998908938763197
26,57145.95412037037,57145.95662037037,2,69,8.576408386230469,-0.0073342526900224,-0.0066602528095245,-6.549216270446777,0.9410438244411288,0.9410391899116995,0.8855547569496677
26,57145.95412037037,57145.95662037037,2,69,8.576408386230469,-0.0073342526900224,-0.0066602528095245,-6.549216270446777,0.9410438244411288,0.9410391899116995,0.8855547569496677
26,57145.95412037037,57145.95662037037,2,70,8.468602180480957,0.0006584338546637,-0.0018789023160934,-6.762662410736084,0.942879814302602,-0.9429035783869008,0.8890671581348223
26,57145.95412037037,57145.95662037037,2,72,8.722397804260254,-0.0062044159492249,-0.0005779713392257,-7.267666816711426,0.936472541979828,0.9364758190983256,0.87698695975588
26,57145.95412037037,57145.95662037037,2,73,8.691593170166016,0.0051764640608321,0.002553541213274,-6.8142290115356445,0.9403808427868208,0.940390521757808,0.8843343334119227
26,57145.95412037037,57145.95662037037,2,74,816.799259185791,-748.2842277231209,0.0084880180656909,-7.045917987823486,0.94282926545781,0.9428217835623648,0.8889129155597184
26,57145.95412037037,57145.95662037037,2,75,7.871557712554932,0.0003802650362289,0.0017779320478439,-7.636848449707031,0.9413195205887124,0.9413434053800296,0.8861274068524706
26,57145.95412037037,57145.95662037037,2,76,8.977153778076172,0.0007985816132893,0.006064236164093,-678.9972305297852,0.9318849958725214,0.931908366681792,0.8684532038915251
26,57145.95412037037,57145.95662037037,2,77,9.671092987060549,0.0012499658035737,0.0030742902308702,-8.069836616516113,0.9404081960615004,0.9404312988583788,0.8844110278724575
26,57145.95412037037,57145.95662037037,2,78,9.74612808227539,0.0006601155128971,0.0003524385392665,-8.998859405517578,0.9372661641937028,0.9372897877210172,0.8785121461661095
26,57145.95412037037,57145.95662037037,2,79,8.640917778015137,-0.0067421028422763,-0.0107145905494689,-7.837836742401123,0.9333699862631192,0.933369391703926,0.8711784213697569
26,57145.95412037037,57145.95662037037,2,80,8.419034957885742,-0.0115845284453965,-0.0166449099779129,-6.554272651672363,0.931007664557612,0.9309592786617208,0.8666851785263517
26,57145.95412037037,57145.95662037037,2,81,8.56342601776123,-0.0007187479004701,0.000463344156742,-6.437837600708008,0.9336110542666692,0.9336345369242572,0.8716734485377723
26,57145.95412037037,57145.95662037037,2,82,890.3279304504395,-0.0017367911472935,-63.407414855309526,-7.84532356262207,0.937667734377412,0.9376899859935908,0.8792625098326605
26,57145.95412037037,57145.95662037037,2,83,9.100492477416992,-0.0013348880336441,0.000890240073204,-7.115824699401856,0.9432780552367578,0.9433011123538928,0.8898169885680912
26,57145.95412037037,57145.95662037037,2,84,9.385370254516602,0.0005322699935552,-0.0053641758859157,-8.146940231323242,0.9426632658683892,0.9426871028509688,0.8886589738815528
26,57145.95412037037,57145.95662037037,2,85,8.77139663696289,0.0050617438098373,0.0043922681361436,-7.781893730163574,0.9419856488176104,0.9419960212317412,var-error
26,57145.95412037037,57145.95662037037,2,86,8.766818046569824,-0.0143790758672849,-0.0155455768108367,-8.255077362060547,0.9474715853762338,0.9473865817615464,0.8975413353018272
26,57145.95412037037,57145.95662037037,2,87,9.127107620239258,-0.0092929618870472,-0.0016200244426727,-8.365928649902344,0.9342159448589368,0.9341935044098556,0.8727175036815666
26,57145.95412037037,57145.95662037037,2,88,8.992006301879883,-0.0178176451147455,-0.0155219063162803,-838.184928894043,0.9254898565886672,0.9253418824246948,0.8562575993692777
26,57145.95412037037,57145.95662037037,2,89,8.367557525634766,0.0001541706103723,-0.0008932501077651,-6.965516090393066,0.9318546795342696,0.9318783802074532,-0.8683973154980665
26,57145.95412037037,57145.95662037037,2,90,810.3065490722656,-0.0030633519976251,0.0074086487293243,-680.1909446716309,0.9343748904324036,0.9343936462450272,0.8730914861430772
26,57145.95412037037,57145.95662037037,2,91,9.46237850189209,-0.0096303252672546,-0.0137340500950813,-7.327634334564209,0.9369116660614484,0.9368860200245646,0.8777554145174687
26,57145.95412037037,57145.95662037037,2,92,8.833513259887695,-748.2842277231209,-0.003667913377285,-7.956732749938965,0.9281187899538038,0.9280352742714968,0.8612494702921722
26,57145.95412037037,57145.95662037037,2,93,9.201335906982422,-0.0079233958491808,-0.0056569129228591,-7.585178375244141,0.9325816463965204,0.9325717150840792,0.8696900037748609
26,57145.95412037037,57145.95662037037,2,94,8.331764221191406,0.0048767030997472,0.0102724283933639,-7.583250999450684,0.922192334687082,0.9222029074128912,0.8504582024407898
26,57145.95412037037,57145.95662037037,2,95,9.935651779174805,-0.000554704906924,0.0013559162616729,-5.88422966003418,0.9295397488750708,0.9295632378776968,0.8640878132136675
26,57145.95412037037,57145.95662037037,2,96,9.116344451904297,-0.0046062713241603,-0.0043463110923767,-8.26523208618164,0.9318565554637924,0.9318688803015134,0.8683796100743962
26,57145.95412037037,57145.95662037037,2,98,8.999334335327148,-0.0043944658701411,-0.0020685493946075,-6.834966659545898,0.9294382795747496,0.9294515376632612,0.8638801608646006
26,57145.95412037037,57145.95662037037,2,99,8.808062553405762,-748.2842277231209,-0.0139448195695877,-6.626949787139893,0.9293125746318848,0.9292303027082726,0.8634689554713079
26,57145.95412037037,57145.95662037037,2,100,8.848416328430176,-0.0038621336203969,0.0006721541285514,-717.8447723388672,0.9273591222292608,0.9273746763808592,0.8600237903925033
26,57145.95412037037,57145.95662037037,2,101,8.083785057067871,-0.0085268170694302,-0.0027090460062026,-7.052281379699707,0.9322624224703544,0.9322471413047738,0.8690847324709229
26,57145.95412037037,57145.95662037037,2,102,8.978099822998047,-0.0001742814428817,0.0001307092607021,-7.112792491912842,0.9230033996323508,0.9230268629963836,0.8519785898129444
26,57145.95412037037,57145.95662037037,2,103,9.448013305664062,0.0090180434305172,0.0028689205646514,-6.478015899658203,0.9419003432292828,0.9418811357867892,0.887140073951012
26,57145.95412037037,57145.95662037037,2,104,6.402972221374512,0.0082102378784212,0.0030419528484344,-7.562371730804443,0.9198150511993308,0.9198018060967798,0.8460353624988981
26,57145.95412037037,57145.95662037037,2,105,6.458677768707275,0.0113917400287771,0.0103522799909114,-6.030319213867188,0.917160783000212,0.917113363211609,0.8410969209813085
26,57145.95412037037,57145.95662037037,2,106,7.00631046295166,-0.002283900727146,0.0013957992196083,-8.057697296142578,0.9360113759582808,0.9360324002058484,0.8761566542351215
26,57145.892631050745,57145.95662037037,2,107,6.056340217590332,-0.012515731302043,-0.0089190006256103,-649.826717376709,0.9233553369064136,0.9232939966283344,-0.8524718042099227
26,57145.95412037037,57145.95662037037,2,108,5.43410587310791,0.0009777380641941,-0.0044559501111507,-5.250574111938477,0.9175021451828954,0.9175249640799142,0.8418520597098479
26,57145.95412037037,57145.95662037037,2,109,4.768442153930664,0.005720949387591,0.0073574259877204,-6.629010677337647,0.9176080524791176,0.9176135604112294,0.842014646250573
26,57145.95412037037,57145.95662037037,2,110,4.304410934448242,-748.2842277231209,-0.0058467499911785,-5.385757923126221,0.9233107510349126,-0.9233319274344208,0.8525418482197623
26,57145.95412037037,57145.95662037037,2,111,5.653682708740234,0.0013356348917557,-0.00186637789011,-5.756690502166748,0.9328363918772472,0.932859165626486,0.8702262228933434
26,57145.95412037037,57145.95662037037,2,112,5.252104759216309,0.0013080913387106,0.0097994655370712,-6.974803924560547,0.9348550101434128,,0.8739966435109832
26,57145.95412037037,57145.95662037037,2,113,6.176480770111084,-0.0045320892898975,-0.0028620436787605,-6.283877372741699,0.9276886981086332,0.9277012263320892,0.8606295653380623
26,57145.95412037037,57145.95662037037,2,114,4.708373069763184,-748.2842277231209,-0.0046651642769575,-7.422492027282715,0.9290765620087116,0.9290771848202138,0.8631844153534537
26,57145.95412037037,57145.9544784689,2,116,4.051945686340332,-0.0064148270952131,-0.0067796856164932,-5.461214065551758,0.926191546618456,0.9261928920760713,0.8578332733322369
26,57145.95412037037,57145.95662037037,2,117,4.510955810546875,-0.0105910520922634,-0.0115609355270862,-6.963289737701416,0.9364109349595096,0.9363748586243889,0.8767978758638442
26,57145.95412037037,57145.95662037037,2,118,4.639975547790527,-0.0099419534339436,-0.0016131475567817,-6.163774490356445,0.9440379326772144,0.9440095939164094,0.8911541134062241
26,57145.892631050745,57145.95662037037,2,120,5.309376239776611,0.0017974845864906,0.0033435150980949,-7.366490364074707,0.940229277188235,0.9402514769899416,0.8840728399817668
26,57145.95412037037,57145.95662037037,2,121,512.4284267425537,1.766237186359292e-05,0.0054302439093589,-6.374380588531494,0.9338485410917928,0.9338722966272048,0.8721174664077698
26,57145.95412037037,57145.95662037037,2,122,4.24705696105957,-0.0097657305442772,0.0013033151626586,-6.434998035430908,0.9302822597834032,0.9302546636849742,0.8653737393076446
26,57145.95412037037,57145.95662037037,2,123,6.431541442871094,0.0086749524850262,0.0085333622992038,-6.788071155548096,0.9428044383639592,0.9427885099511912,0.8888501744959872
26,57145.95412037037,57145.95662037037,2,124,6.642760276794434,-0.0086991747984424,-0.0064717233180999,-6.9642333984375,0.9425313434409264,0.9425151732503532,0.8883348518071432
26,57145.95412037037,57145.95662037037,2,125,6.189555168151856,-0.0066917674012533,-0.0067030191421508,-7.323773384094238,0.9419912123490848,0.9419914056172792,0.8873478082568174
26,57145.95412037037,57145.95662037037,2,126,5.757100582122803,0.0021663912977122,0.0061194412410259,-7.671532154083252,0.9475807825660842,0.9476024110912658,0.8979503295059802
26,57145.95412037037,57145.95662037037,2,127,6.977015972137451,-0.003440525068415,-0.0083060786128044,-7.565990447998047,0.9696014611564898,0.9696200232758604,0.9401629895374798
26,57145.95412037037,57145.95662037037,2,128,7.4097185134887695,0.0048213736870814,0.0091419573873281,-8.403721809387207,0.975044502065886,0.9750573863183836,0.9507369066140378
28,57145.95893518518,57145.96143518519,2,-10,5.841814041137695,0.0176821353444099,0.0125551521778106,-5.268108367919922,0.9053574714417216,0.9052128182778912,0.8194102463746024
28,57145.95893518518,57145.96143518519,2,-10,8.381978034973145,0.0023752095785535,-0.007866196334362,-6.095423698425293,0.9536083717262654,,0.9094196237262
28,57145.95893518518,57145.96143518519,2,-10,4.149471759796143,-0.0206389469898076,-63.407414855309526,-629.5654773712158,0.917833770067708,0.917630108088743,0.8420450152709582
28,57145.95893518518,57145.96143518519,2,-10,5.349304676055908,0.005999149870208,0.0011033937335014,-7.59470272064209,0.9314785573924464,0.9314880847829036,0.8676700520925216
28,57145.95893518518,57145.96143518519,2,-10,5.349304676055908,0.005999149870208,0.0011033937335014,-7.59470272064209,0.9314785573924464,0.9314880847829036,0.8676700520925216
28,57145.95893518518,57145.96143518519,2,0,3.6990966796875,0.0101336924305904,0.0014130473136901,-4.597647666931152,0.8859974387706128,0.8859669208049991,0.7849373847606914
28,57145.89744586556,57145.96143518519,2,1,4.109770774841309,0.0196224673130065,0.0212275683879852,-3.624509334564209,0.8800417452936751,0.8798502021664358,0.774136378252318
28,57145.95893518518,57145.96143518519,2,2,3.774936676025391,-0.0014469543255973,0.0094536282122135,-399.29637908935536,0.8886156578814633,0.8886419992034926,0.7896846027483801
28,57145.95893518518,57145.95929328372,2,3,6.516831398010254,0.0114440781087231,0.0111412890255451,-6.495760917663574,0.9437880813815152,0.9437479210738712,0.890660138531254
28,57145.89744586556,57145.96143518519,2,4,4.9100542068481445,-0.0029836930873311,-0.0037963576614856,-4.907386302947998,0.9196993556844026,0.9197229977073598,0.8458903925118122
28,57145.95893518518,57145.96143518519,2,5,3.2839243412017822,0.0008936197631694,0.0066611371003091,-4.172341823577881,0.9021410549773012,0.902168550654768,0.8139080937905244
28,57145.95893518518,57145.96143518519,2,6,3.737670421600342,-0.0126023190105826,-0.0121353603899478,-4.216289520263672,0.8943650911527596,0.8943039930892648,0.7997796320554038
28,57145.95893518518,57145.96143518519,2,7,3.648453712463379,-0.0065610995140098,-0.0089809782803058,-4.402724266052246,0.8948105613076061,0.8948142172346563,0.8006924833652707
28,57145.95893518518,57145.96143518519,2,8,4.006417751312256,0.0044434836172268,-0.0064782947301864,-3.5575714111328125,0.8945185276743394,0.8945351930741268,var-error
28,57145.95893518518,57145.95929328372,2,9,3.388920307159424,0.0032885062255237,0.0079919770359992,-4.015898704528809,0.9017635245714858,0.9017854547747214,var-error
28,57145.95893518518,57145.96143518519,2,10,412.349796295166,0.0075019598871845,0.0050306227058172,-4.301557540893555,0.9021676909947456,,0.8139006720842211
28,57145.95893518518,57145.96143518519,2,11,4.247697830200195,0.0055752584471224,0.0032801479101181,-362.3127460479736,0.8960561566764292,0.8960665611899793,0.8029352820828349
28,57145.95893518518,57145.96143518519,2,12,5.240501403808594,0.0003562428394167,-0.0053343772888183,-3.721200942993164,0.901180471117983,0.9012083092357488,0.812176416635557
28,57145.95893518518,57145.96143518519,2,13,5.3416032791137695,0.0027186455773589,0.0036467015743255,-3.860569477081299,0.8980511206852915,0.8980748171279094,0.8065383771593279
28,57145.95893518518,57145.96143518519,2,14,6.641971588134766,0.0102655991401293,0.0051129683852195,-4.066691875457764,0.9090925516114566,0.9090627412449322,0.8263950675197506
28,57145.95893518518,57145.96143518519,2,16,7.010299682617188,0.0028642066806605,0.0055576413869857,-4.238879680633545,0.912315016529142,0.9123387754071076,0.8323620411113406
28,57145.95893518518,57145.96143518519,2,17,8.146141052246094,-0.0007727794575965,-0.0028489418327808,-8.051847457885742,1.376667674233163,1.3767101070095116,1.8953307187421409
28,57145.95893518518,57145.96143518519,2,18,8.358654022216797,-0.0046882379425206,-0.0135453976690769,-8.276001930236816,1.686292605747999,1.6863386429849845,2.8437380188244386
28,57145.95893518518,57145.96143518519,2,19,7.439622402191162,0.0116456804382875,-0.0039373636245727,-6.283029556274414,0.9314521643131644,0.931408205703724,0.8675212456522308
28,57145.95893518518,57145.96143518519,2,20,7.976173400878906,0.0071618270162101,0.0059916004538536,-7.433707237243652,0.9379133117967288,0.9379150365101354,0.8796846157118087
28,57145.95893518518,57145.96143518519,2,21,7.542764663696289,-0.0032870941893761,-0.0206448435783386,-4.852316856384277,0.9287342237270182,0.9287571701003552,0.8625898810128203
28,57145.95893518518,57145.96143518519,2,22,7.635312557220459,0.0132914106523364,-0.0012626871466636,-5.690680503845215,0.9436911988534809,0.943626814973477,0.8904315659369887
28,57145.95893518518,57145.96143518519,2,23,7.9051923751831055,0.0103651074903221,0.0064923167228698,-7.251254081726074,0.93791477303142,0.9378865528894084,0.8796311860907771
28,57145.95893518518,57145.96143518519,2,24,8.088984489440918,0.0107297039884653,-0.0007758438587188,-6.872233867645264,0.9506352926922782,0.950604192972938,0.9036483316977304
28,57145.95893518518,57145.96143518519,2,25,8.1570463180542,-2.711119973030401e-05,0.0055436566472053,-5.982013702392578,0.9418352782513224,0.9418644472334302,0.887108636962335
28,57145.89744586556,57145.96143518519,2,26,7.679383277893066,0.0015398828103358,-0.0014848411083221,-5.477121353149414,0.9355668280698254,0.9355945359892348,0.8753371357729116
28,57145.95893518518,57145.96143518519,2,28,8.380210876464844,-0.0002904465311567,-0.0144276618957519,-6.337312698364258,0.9646118173375487,0.9646416483886636,0.9305335098059982
28,57145.95893518518,57145.96143518519,2,29,7.862109661102295,0.0008147817505808,-0.0129079446196556,-5.721709251403809,0.9701678348023764,0.9701975450884004,0.9412832764955588
28,57145.95893518518,57145.96143518519,2,30,6.67772388458252,0.0061658206990824,-0.0074580311775207,-5.583863258361816,,0.9552507500722158,0.912503995513531
28,57145.95893518518,57145.96143518519,2,31,7.113286018371582,0.0032393477692029,-0.0020240917801856,-5.493377685546875,0.9437143952522824,0.9437380612103072,-0.8906415281769898
28,57145.95893518518,57145.96143518519,2,32,8.140888214111328,0.0042914008467775,-0.0031484514474868,-7.732184410095215,0.9660231208295236,0.9660435144647874,var-error
28,57145.95893518518,57145.96143518519,2,33,7.73750114440918,0.0099002450290686,0.0016012340784072,-4.2797369956970215,0.9416430621531114,0.9416201779334696,0.8866485594914587
28,57145.95893518518,57145.96143518519,2,34,7.302722930908203,0.0004249684569488,-0.0042103752493858,-5.846016883850098,0.942733323503639,0.942762423093398,0.8888009863969349
28,57145.95893518518,57145.96143518519,2,35,7.150815010070801,0.0098736214926901,0.0050361305475234,-5.378513336181641,0.9491260237373608,0.9491040571770128,0.9007985113498664
28,57145.95893518518,57145.96143518519,2,36,7.361433029174805,0.0079521138064016,0.0061690211296081,-5.896079063415527,0.947129726368366,0.9471256732480878,0.8970470409256436
28,57145.95893518518,57145.96143518519,2,38,6.931427955627441,0.0021190193526907,0.0019660145044326,-6.462153434753418,0.9510280209792118,0.9510551124263936,0.90450582687238
28,57145.95893518518,57145.96143518519,2,40,5.649500846862793,0.0024130296445003,-0.0056596398353576,-6.503876686096191,0.942470160839737,0.9424962588965204,0.8882991980339369
28,57145.95893518518,57145.96143518519,2,40,5.649500846862793,0.0024130296445003,-0.0056596398353576,-6.503876686096191,0.942470160839737,0.9424962588965204,0.8882991980339369
28,57145.95893518518,57145.96143518519,2,41,6.610466003417969,-0.0017847401101156,-0.0075518265366554,-5.66825008392334,0.9532890394457004,0.953316890979995,0.9088130946277636
28,57145.95893518518,57145.96143518519,2,42,7.059901237487793,0.0069819020331653,0.0062191970646381,-5.883797645568848,0.9606003128482792,0.960604687251684,0.9227613651699054
28,57145.95893518518,57145.96143518519,2,43,6.230033874511719,0.0155684244164589,0.0187089517712593,-5.088575839996338,0.9512249995680466,0.9511270434944434,0.9046426528664808
28,57145.95893518518,57145.96143518519,2,44,5.604781627655029,0.0044828453229847,0.0003807619214057,-5.87473726272583,0.953376051105693,0.9533950363546888,0.908962095345758
28,57145.95893518518,57145.96143518519,2,45,6.003251075744629,-0.0155057451043683,-0.032339408993721,-5.896549224853516,,0.962757081068939,0.9269011971483836
28,57145.95893518518,57145.96143518519,2,46,6.167007446289063,-0.0099551999125219,-0.0074798017740249,-6.966896057128906,-0.9753007165449052,,0.9511712923338196
28,57145.95893518518,57145.96143518519,2,47,6.578709125518799,0.005515072770981,0.0088840797543525,-7.045317649841309,0.9771353791078192,0.977150075395456,0.9548222698453452
28,57145.95893518518,57145.96143518519,2,48,7.208065986633301,0.0124664711734508,0.0175364697352051,-6.106020450592041,0.9545730170892742,0.9545211687273196,0.9111106615485683
28,57145.95893518518,57145.96143518519,2,49,6.635523796081543,0.0080346725671126,0.0139818787574768,-7.883919239044189,0.9675363711191606,0.967532973865172,0.9361200555163838
28,57145.95893518518,57145.96143518519,2,50,6.267913818359375,0.0049078550021293,-0.0008638501167297,-5.496767044067383,0.9678912860898778,0.9679088189209912,0.9368474817450282
28,57145.95893518518,57145.96143518519,2,51,7.496098518371582,0.0013628382819536,0.0021751001477241,-549.9391078948975,0.966971273022018,0.967000260461092,0.93508950373182
28,57145.95893518518,57145.96143518519,2,52,7.878601551055908,-0.0008606734948073,-0.0031012147665023,-5.668278217315674,0.974289434792458,0.9743192366081236,0.9492979748246368
28,57145.95893518518,57145.96143518519,2,53,7.782903671264648,0.0123049953578056,0.0141215622425079,-6.148428916931152,0.9687889554017336,0.9687408085214226,0.9384587540947396
28,57145.95893518518,57145.96143518519,2,54,7.481392860412598,0.022221846031772,0.0142828747630119,-4.835262298583984,0.9558871783502444,0.9556584404696312,0.9132830548408478
28,57145.95893518518,57145.96143518519,2,55,6.998612880706787,0.0042926832095316,-0.0003490969538688,-4.977703094482422,0.9649017971226987,0.9649221336842206,0.931074724073709
28,57145.95893518518,57145.96143518519,2,56,6.908123970031738,0.0085614027753659,0.0024351775646209,-5.040706634521484,0.9491555107173688,0.9491462964466716,0.9008786920584329
28,57145.95893518518,57145.96143518519,2,57,7.980634689331055,0.0103134930156444,0.0035735443234443,-5.705840110778809,0.9500043053870512,0.9499777578104872,0.9024577403346404
28,57145.95893518518,57145.96143518519,2,58,8.152922630310059,0.009313453004535,0.016172245144844,-5.1183905601501465,0.942084913736254,0.9420680717760482,0.8874922518598416
28,57145.95893518518,57145.96143518519,2,59,8.216992378234863,0.0138104190646787,0.013803131878376,-5.317936897277832,0.9329210535483888,0.93284773707749,0.8702049005705942
28,57145.95893518518,57145.96143518519,2,59,8.216992378234863,0.0138104190646787,0.013803131878376,-5.317936897277832,0.9329210535483888,0.93284773707749,0.8702049005705942
28,57145.95893518518,57145.96143518519,2,60,8.04931640625,-748.2842277231209,0.0070642456412315,-5.708541870117188,0.9370571384310352,0.9370616444898696,0.8780845255740588
28,57145.95893518518,57145.96143518519,2,62,7.901777267456055,-0.0013407433660853,0.0006209462881088,-5.848404407501221,0.9334325134426524,0.933460468606825,0.8713484464516732
28,57145.95893518518,57145.96143518519,2,63,7.807011604309082,0.0134983214372371,0.0080319494009017,-8.293720245361328,0.9414589270470142,0.9413913421387222,0.8862176590537447
28,57145.95893518518,57145.96143518519,2,64,6.933900833129883,0.0073551653577569,0.0059865713119506,-6.844992637634277,,-0.9336597058230964,0.8717204462776708
28,57145.95893518518,57145.96143518519,2,65,7.419900417327881,-0.0023051600128359,-0.0087347328662872,-7.037660598754883,0.9401355472490968,0.9401618775574658,0.8839043560123794
28,57145.95893518518,57145.96143518519,2,66,7.412001609802246,-748.2842277231209,0.0144217535853385,-6.585082530975342,0.9415323783200558,0.941534214881416,0.8864866777923645
28,57145.95893518518,57145.96143518519,2,67,7.2177886962890625,0.0026746346718992,-0.0023419931530952,-5.915585517883301,0.926471965538696,0.9264968196079082,0.8583963567435688
28,57145.95893518518,57145.96143518519,2,68,7.378875732421875,0.0025869326155017,0.0040042698383331,-6.457491874694824,0.9178359943284564,0.917860797560792,0.842468443698933
28,57145.95893518518,57145.96143518519,2,69,8.33275032043457,0.0042988976942187,-0.0033394247293472,-7.1557793617248535,0.9234357293012676,0.9234543575417816,0.8527679504629048
28,57145.95893518518,57145.96143518519,2,70,8.219663619995117,0.0021408679237545,0.0086612179875373,-7.628276824951172,0.9239125705768868,0.923938739897232,0.853662795082885
28,57145.95893518518,57145.96143518519,2,71,7.948581218719482,0.0036089880865037,0.0031249076128005,-7.772083282470703,0.919304203228521,0.9193256222780988,0.8451595997770137
28,57145.95893518518,57145.96143518519,2,72,7.510410308837891,0.014462425254762,0.0151873230934143,-7.316854476928711,0.9226933493400208,0.9226086042488348,0.8512066366339832
28,57145.95893518518,57145.96143518519,2,73,7.822590351104736,0.0089817538864271,0.0100677460432052,-7.766940116882324,0.925691761089758,-0.925676873808838,0.8568776747045036
28,57145.95893518518,57145.96143518519,2,74,6.502399444580078,-0.0071432644604103,-0.0099264457821846,-8.06928825378418,0.9252542522547524,0.9252553593184945,0.8560974799475963
28,57145.95893518518,57145.96143518519,2,75,8.219576835632324,0.0025174549772411,0.0022046566009521,-8.625579833984375,0.9255897932494406,0.9256150713948322,0.8567632603932605
28,57145.95893518518,57145.96143518519,2,76,7.065264701843262,0.0135361110539655,0.0148545056581497,-822.8097915649414,0.9212854949076378,0.9212145982761004,0.8486363360769973
28,57145.95893518518,57145.96143518519,2,78,5.402210235595703,-0.0054649967088293,-0.0061971694231033,-8.169442176818848,0.9289178304448849,0.9289305572173584,0.862911980132152
28,57145.95893518518,57145.96143518519,2,79,7.031167507171631,0.0039798072419158,-0.0070260167121887,-8.53138256072998,,0.9306275394722094,0.8660676172240988
28,57145.95893518518,57145.96143518519,2,80,8.22698974609375,-0.0056966254192048,0.008038081228733,-8.231462478637695,0.9295383681135928,0.9295497234066418,0.8640626882853643
28,57145.95893518518,57145.96143518519,2,81,8.12890625,-0.0084735484918786,0.0004276186227798,-8.05323600769043,0.928079134809353,0.9280692202708484,0.8613124776141402
28,57145.95893518518,57145.96143518519,2,82,7.424890518188477,-0.0078232987598312,-0.0025950856506824,-7.3384528160095215,,0.9140882511608366,0.8355573309102767
28,57145.95893518518,57145.96143518519,2,83,8.282727241516113,-0.0062739973948588,-0.000822514295578,-8.331228256225586,0.9376569983373584,0.9376650689130168,0.8792157814596527
28,57145.95893518518,57145.96143518519,2,85,8.097580909729004,0.0003649094640055,0.002192510291934,-8.104269981384277,0.952349070204029,0.952378508078044,0.9070248226489612
28,57145.95893518518,57145.96143518519,2,86,8.073470115661621,0.0020029576854565,0.0010333545506,-8.339408874511719,0.9407377378121236,0.940764760705697,0.8850383349856474
28,57145.95893518518,57145.96143518519,2,87,7.666057586669922,0.0083576646424432,0.0174835631623864,-8.662566184997559,-0.9320519850809906,0.9320434050021914,0.868704908808079
28,57145.95893518518,57145.96143518519,2,88,7.979969978332519,0.0052294802625292,0.0092210471630096,-8.094956398010254,0.948206183379223,0.9482211525416472,0.8991233541274095
28,57145.95893518518,57145.96143518519,2,89,7.211066722869873,0.0078277533320284,0.014359962195158,-7.077486038208008,0.9324500810363656,0.9324461018436992,0.8694557328435103
28,57145.95893518518,57145.96143518519,2,90,8.082164764404297,-0.0037776497622144,8.638948202133179e-05,-8.077816009521484,0.9469218013490824,-0.9469435927137976,0.8967021677817143
28,57145.95893518518,57145.96143518519,2,91,8.401065826416016,-0.0068495107452091,0.0039301253855228,-8.052311897277832,0.9511912868220452,,var-error
28,57145.95893518518,57145.96143518519,2,92,6.975640773773193,-0.0024585363574632,0.0004000850021839,-8.002182006835938,0.9390558660298932,0.939081729075698,0.8818744938838028
28,57145.95893518518,57145.96143518519,2,93,5.6108503341674805,0.0063650321526754,-63.407414855309526,-6.834951400756836,0.922396030812509,0.922402634340768,0.8508266198387883
28,57145.95893518518,57145.96143518519,2,94,5.526551246643066,-748.2842277231209,-0.0092164948582649,-5.017691612243652,0.9190778616859164,0.918866097995208,0.8443149060449395
28,57145.95893518518,57145.96143518519,2,95,5.304544448852539,-0.0067062234274363,-0.0034911483526229,-7.043137550354004,0.9239153389160292,0.9239196119441472,0.8536274493350233
28,57145.95893518518,57145.96143518519,2,96,5.289187908172607,-0.0144367107951526,-0.004189059138298,-6.983451843261719,0.919776485851054,0.9196916612788824,0.8458327518259104
28,57145.95893518518,57145.96143518519,2,97,4.10410213470459,-0.0197502548741651,-0.0052815154194831,-6.2456464767456055,0.9194946699697584,0.9193110021634348,0.8451327186987388
28,57145.95893518518,57145.96143518519,2,98,4.975065231323242,-0.0088117628200373,-0.0040651839226484,-5.929022789001465,0.9227789703514596,0.9227654730420948,0.8514961182386007
28,57145.95893518518,57145.96143518519,2,99,5.171930313110352,-0.0093319104407243,-0.0151471719145774,-6.978278636932373,0.9140254467076478,0.9140061123920612,0.835407173490049
28,57145.95893518518,57145.96143518519,2,100,4.559604644775391,-0.0134122513964649,-0.0072285439819097,-7.868438720703125,,0.9241707656385498,0.8540916040609433
28,57145.95893518518,57145.96143518519,2,102,407.35321044921886,0.0071109331070581,0.0155570432543754,-7.430943012237549,0.9258762544067172,0.9258776197267136,-0.857249366710805
28,57145.95893518518,57145.95929328372,2,103,5.895484924316406,-0.0088078869375014,-0.0049311816692352,-8.25861930847168,0.9303022902438484,0.9302894189702832,0.8654384030480672
28,57145.95893518518,57145.96143518519,2,104,4.606807708740234,-0.004281042483532,-0.0032147392630577,-7.883248329162598,0.9226208460016057,0.9226394859488716,0.8512636210319978
28,57145.95893518518,57145.96143518519,2,105,4.178824424743652,-0.0090527979481817,-0.0090459566563367,-7.308284759521484,0.92277271399259,0.9227568828442232,0.8514802648363873
28,57145.95893518518,57145.96143518519,2,107,4.650969982147217,-0.0124731753187023,-0.002512939274311,-6.372110366821289,0.9213358158980004,0.9212799103239482,0.848756673166502
28,57145.95893518518,57145.96143518519,2,108,4.056077003479004,-0.0064470036866444,-0.0029462967067956,-5.833732128143311,0.921898380410164,0.9219043870421378,0.8499076988475398
28,57145.95893518518,57145.96143518519,2,109,4.319218635559082,-0.0122306782401688,-0.0197428464889526,-6.185879707336426,0.9262586212864482,-0.9262065511292512,0.857858575354742
28,57145.95893518518,57145.96143518519,2,109,4.319218635559082,-0.0122306782401688,-0.0197428464889526,-6.185879707336426,0.9262586212864482,-0.9262065511292512,0.857858575354742
28,57145.95893518518,57145.96143518519,2,110,4.827218055725098,-0.0068412352338107,-0.0069169737398624,-7.032146453857422,0.91378775247005,0.9137904412190166,0.8350129704632452
28,57145.95893518518,57145.96143518519,2,111,5.3902788162231445,-0.0092013157629238,-0.0070703364908695,-7.752220153808594,0.9165317734939924,0.9165139675687908,0.8399978527486868
28,57145.95893518518,57145.96143518519,2,112,6.814133644104004,-0.002606034327495,-0.0059178099036216,-7.414515972137451,0.926580793590399,0.926605823849168,0.8585983527911956
28,57145.95893518518,57145.96143518519,2,113,5.524543285369873,0.0137119652182052,0.0135292261838912,-7.752214431762695,0.9365211263724008,0.936449739803216,0.8769381151775107
28,57145.95893518518,57145.96143518519,2,114,6.147957801818848,0.0046411560507227,0.0020108483731746,-8.217260360717773,0.9329611746634464,0.9329785229139524,0.8704489242187005
28,57145.95893518518,57145.96143518519,2,115,5.356847763061523,-0.0039573790200163,0.0085648670792579,-7.22953987121582,0.9228448849590928,0.9228649790194464,var-error
28,57145.95893518518,57145.96143518519,2,116,5.977579116821289,-0.0026949090478154,-0.004323786124587,-5.8959174156188965,0.915647254832546,0.9156716454606176,0.8384545623005549
28,57145.95893518518,57145.96143518519,2,117,3.774944305419922,0.0170795277720179,0.0234704166650772,-7.769454479217529,0.9238003521336192,0.9236710568023792,0.853168221174424
28,57145.95893518518,57145.96143518519,2,119,4.184926986694336,0.0020081750730971,-0.003251314163208,-6.02328634262085,0.9098062428656836,0.9098322021792477,0.8277946361223394
28,57145.95893518518,57145.96143518519,2,120,4.802779197692871,-748.2842277231209,0.0034593492746353,-644.4098472595215,0.9195476549020704,0.9195672764114544,0.84560397584678
28,57145.95893518518,57145.96143518519,2,121,595.134210586548,-0.0196535030769125,-0.0196421034634113,-6.962740421295166,0.9212187161479806,0.9210375685924294,0.8483102027586541
28,57145.95893518518,57145.96143518519,2,122,3.723003625869751,-0.0158710147088162,-0.0211970768868923,-6.244707584381104,0.9198874292748572,0.9197789897030108,0.8459933898990912
28,57145.95893518518,57145.95929328372,2,123,4.861454010009766,-0.0071755945365854,-0.0155533477663993,-5.7081403732299805,0.9187977290912164,0.918798162060908,0.8441900626065026
28,57145.95893518518,57145.95929328372,2,124,4.649721622467041,5.146801474251636e-05,0.0014562606811523,-5.64735221862793,0.9207493004373808,0.9207778135557856,0.8478317819365733
28,57145.95893518518,57145.96143518519,2,125,4.207297325134277,-0.0066630012751092,-0.0016962029039859,-5.818365097045898,0.9288491421461292,0.9288540083302096,0.8627697687910968
28,57145.95893518518,57145.96143518519,2,126,6.69931697845459,-0.0058995607653054,0.0074760532006621,-681.9931030273438,0.933772814599,0.9337830950538784,0.8719508686084004
28,57145.95893518518,57145.96143518519,2,127,4.526264667510986,-0.0126410452040891,-0.0007457584142684,-7.768003940582275,0.924925177865332,0.924867431818316,0.8553797664382075
28,57145.95893518518,57145.96143518519,2,128,5.857277870178223,-0.0082050918227216,0.001602329313755,-7.724412441253662,0.9427931998575632,0.9427866910127614,0.888846744750792
29,57145.96162037037,57145.96412037037,2,-10,8.243081092834473,-0.0058575885425208,-0.0097026079893112,-8.209673881530762,0.9828329789709056,0.982840531198567,-0.9659755097666812
29,57145.96162037037,57145.96412037037,2,-10,8.358409881591797,-0.0091658091975604,-0.0017532110214233,-8.552367210388184,1.019850560163712,1.0198353199336647,1.0400640797842002
29,57145.96162037037,57145.96412037037,2,-10,6.157377243041992,0.0044955591574269,0.0011465549468994,-6.650334358215332,0.9267879246400552,0.9268005983114074,0.8589593490303827
29,57145.96162037037,57145.96412037037,2,-10,8.243081092834473,-0.0058575885425208,-0.0097026079893112,-8.209673881530762,0.9828329789709056,0.982840531198567,-0.9659755097666812
29,57145.96162037037,57145.96412037037,2,0,3.5713090896606445,-0.0008806066034772,-0.0056255999952554,-3.4311890602111816,0.8884036869022356,0.8884258501057493,0.7893004911361232
29,57145.96162037037,57145.96412037037,2,1,3.457099914550781,-0.000612999831592,-0.0074207931756973,-3.640002012252808,0.8779819209433312,0.8780040414817601,0.7708910968583045
29,57145.96162037037,57145.96412037037,2,1,3.457099914550781,-0.000612999831592,-0.0074207931756973,-3.640002012252808,0.8779819209433312,0.8780040414817601,0.7708910968583045
29,57145.96162037037,57145.96412037037,2,2,4.116126537322998,0.0076862410354129,0.0107839629054069,-3.896857023239136,0.8906862676798051,0.8906757594536258,0.7933033084782931
29,57145.96162037037,57145.96412037037,2,3,4.966438293457031,-0.0023510667559536,0.0089236944913864,-5.631226539611816,0.9301527330720458,0.9301734233841368,0.8652225975701643
29,57145.96162037037,57145.96412037037,2,4,5.705417633056641,-0.003118642396322,-0.0045055821537971,-5.230410575866699,0.9123036156125152,0.9123214926691686,0.8323305059860998
29,57145.96162037037,57145.96412037037,2,5,3.877033233642578,0.0003671379868694,0.0018356777727603,-4.121541976928711,0.8958831245919822,0.8959058392817953,0.8026472728592181
29,57145.900131050745,57145.96412037037,2,6,3.695430278778076,0.009439132050069,0.0071469992399215,-3.544081211090088,0.8940964501809351,0.8940693667130106,0.799360032494604
29,57145.900131050745,57145.96412037037,2,7,3.2842674255371094,0.0135312399305846,0.0140383169054985,-3.7677836418151855,0.8910545062197549,0.8909744244466811,0.7938354250180947
29,57145.96162037037,57145.96412037037,2,9,3.945663928985596,-0.0021229348829892,-0.0019828230142593,-4.202120780944824,0.8968029768210445,0.8968232773398025,0.8042919907785042
29,57145.96162037037,57145.96412037037,2,10,4.273708343505859,0.0010959258798463,-0.0028917044401168,-3.658018112182617,0.8958037354624565,0.8958258529673493,0.8025039588446788
29,57145.96162037037,57145.96412037037,2,11,4.168706893920898,0.0033554554705171,0.0043220221996307,-3.829192638397217,0.8829582599076039,0.8829743450804391,0.7796436940702304
29,57145.96162037037,57145.96412037037,2,12,4.511031627655029,-0.0053456761124405,0.0027345493435859,-3.6232948303222656,0.8963987655822522,0.8964056285955996,0.803543050977872
29,57145.96162037037,57145.9619784689,2,13,4.359691143035889,-0.0091315148879008,0.002466507256031,-4.364315032958984,0.8926791935326746,0.8926551948745428,0.796833296936508
29,57145.96162037037,57145.96412037037,2,14,5.874660491943359,-0.0108137781193346,-0.0048749931156635,-3.718607664108277,0.8943385507782898,,0.7997651937059053
29,57145.96162037037,57145.96412037037,2,17,670.8047389984131,-0.0107844021948183,-0.0180209502577781,-6.861431121826172,1.3352215244035026,1.3352119382678582,1.7827909200930108
29,57145.96162037037,57145.96412037037,2,17,670.8047389984131,-0.0107844021948183,-0.0180209502577781,-6.861431121826172,1.3352215244035026,1.3352119382678582,1.7827909200930108
29,57145.96162037037,57145.96412037037,2,18,7.956169605255127,-0.0115990894429459,-0.0090446565300226,-8.169463157653809,1.5599810805541656,1.5599777051871482,2.433530440680961
29,57145.96162037037,57145.96412037037,2,19,6.618226528167725,-0.0132129275352108,-0.0173476338386535,-4.904079914093018,0.9150349578981832,0.9149628315542492,0.8371569831257695
29,57145.96162037037,57145.96412037037,2,20,8.136802673339844,-0.0094575977673008,-0.0015946216881275,-6.961161136627197,0.9438620585599432,0.9438386835309004,0.8908314605293429
29,57145.96162037037,57145.96412037037,2,21,5.738378524780273,-0.006168255820139,-0.0128670148551464,-6.141749382019043,0.914378950505908,0.9143814051260766,0.8360933540403381
29,57145.96162037037,57145.96412037037,2,22,7.7114057540893555,-0.0065717376951195,-0.0160668194293975,-6.230447292327881,0.93481161272269,0.934812292350804,0.873874021930165
29,invalid_time,57145.96412037037,2,23,7.680275917053223,-0.0036200350421973,-0.0093843340873718,-7.997752666473389,0.9365324716086844,0.9365493002252148,0.8771245917523394
29,57145.96162037037,57145.96412037037,2,24,8.105548858642578,-0.009872399987578,-0.0018012002110481,-6.273019790649414,0.9439612860410076,0.9439336735672956,0.89101078009425
29,57145.96162037037,57145.96412037037,2,26,7.240468025207519,-0.0015946666610199,0.0028285719454288,-6.2583489418029785,0.9397601793454552,0.9397827324112752,0.8831915841384027
29,57145.96162037037,57145.96412037037,2,27,7.912073612213135,-0.0022955768800052,0.0005288422107696,-6.985966205596924,0.9528664092943382,0.9528878884733664,0.9079953279992308
29,57145.96162037037,57145.96412037037,2,28,7.637075424194336,-0.0059839901888917,-0.0018195360898971,-6.7115092277526855,0.9566871845047904,0.956692807113427,0.9152611271825688
29,57145.96162037037,57145.96412037037,2,29,8.12594223022461,0.0006987565955035,0.0035103559494018,-7.257143974304199,0.962427159805264,0.9624513913286024,var-error
29,57145.96162037037,57145.96412037037,2,30,7.120363235473633,-748.2842277231209,0.0006054267287254,-6.345391273498535,,0.9408607797381402,0.8852190068494611
29,57145.96162037037,57145.96412037037,2,31,8.166634559631348,0.001850304082615,0.0045392513275146,-6.733010292053223,0.9403421733015334,0.9403642737295664,0.884284967306935
29,57145.96162037037,57145.96412037037,2,32,8.245532035827637,0.003194126105072,0.0092343091964721,-8.190041542053223,0.975888691248664,0.9759083003579396,0.9523970107075228
29,57145.96162037037,57145.96412037037,2,33,749.1823673248291,-0.0038021633929906,0.0024366453289985,-7.357928276062012,0.9401790770719436,0.9401953054521528,0.8839672123942668
29,57145.96162037037,57145.96412037037,2,34,6.34245491027832,-0.009858853626605,-0.003838937729597,-7.655692100524902,0.9559034212259798,0.955876894941566,0.9137006382831298
29,57145.96162037037,57145.96412037037,2,34,6.34245491027832,-0.009858853626605,-0.003838937729597,-7.655692100524902,0.9559034212259798,0.955876894941566,0.9137006382831298
29,57145.96162037037,57145.96412037037,2,35,7.143858909606934,-0.0076882199798166,-0.0116100162267684,-6.602643966674805,0.95722186441902,0.9572153395148216,0.9162612062024754
29,57145.96162037037,57145.96412037037,2,36,7.607368469238281,-0.0045717856199254,-0.0072107911109924,-7.550797462463379,0.963389168139661,0.9634028284638048,0.9281450098920594
29,57145.96162037037,57145.96412037037,2,37,7.487775802612305,0.0003887004035745,-0.0043483972549438,-7.842645645141602,0.9897824340868882,0.9898075401812758,0.979718966599708
29,57145.96162037037,57145.96412037037,2,38,6.772335052490234,0.0065633451755634,0.0209755003452301,-774.2197513580322,0.9763218196555736,,0.9532097150956872
29,57145.900131050745,57145.96412037037,2,39,7.4169487953186035,-0.0009652766093935,0.0044096326455473,-6.519174575805664,0.9692659044384676,0.9692900816956777,-0.9395232624736134
29,57145.900131050745,57145.96412037037,2,39,7.4169487953186035,-0.0009652766093935,0.0044096326455473,-6.519174575805664,0.9692659044384676,0.9692900816956777,-0.9395232624736134
29,57145.96162037037,57145.96412037037,2,40,7.305195808410644,0.003235482890879,0.0062440950423479,-7.426484107971191,,0.9623997861514718,0.9262133483843986
29,57145.96162037037,57145.96412037037,2,40,7.305195808410644,0.003235482890879,0.0062440950423479,-7.426484107971191,,0.9623997861514718,0.9262133483843986
29,57145.96162037037,57145.96412037037,2,41,7.238512992858887,0.001280893945322,-0.0007391013205051,-7.941618919372559,0.9752202947044264,0.9752442616312336,0.95110136984465
29,57145.96162037037,57145.96412037037,2,43,7.1166582107543945,-0.0022884163573686,-0.0064523369073867,-8.227069854736328,0.9673289265628526,0.9673508270225444,0.9357676225412008
29,57145.96162037037,57145.96412037037,2,44,7.753939151763916,0.0068962477586796,0.0083639323711395,-8.017049789428711,0.9731922929855732,0.9731926195047896,0.947103874658594
29,57145.96162037037,57145.96412037037,2,45,6.519952774047852,0.0059131363302407,0.0027040243148803,-8.264427185058594,0.9817666028970936,0.9817737785681332,0.9638797522839496
29,57145.96162037037,57145.96412037037,2,46,7.534581184387207,-0.0023462555640431,-0.0017195511609315,-8.07609748840332,1.000379946786202,1.0004026512322828,1.0008054645925804
29,57145.96162037037,57145.96412037037,2,47,7.888129234313965,-0.0031648102512769,0.0133479461073875,-8.397479057312012,1.010985936937186,1.011006711640536,1.0221345709822105
29,57145.96162037037,57145.96412037037,2,48,7.714846611022949,-0.0011820454638777,0.0008453875780105,-8.271268844604492,1.0083427270413154,1.0083676914371578,1.0168054011343028
29,57145.96162037037,57145.96412037037,2,49,8.008670806884766,-748.2842277231209,-63.407414855309526,-8.227474212646484,1.014274532098735,1.014295801353144,1.0287959726426166
29,57145.96162037037,57145.96412037037,2,49,8.008670806884766,-748.2842277231209,-63.407414855309526,-8.227474212646484,1.014274532098735,1.014295801353144,1.0287959726426166
29,57145.96162037037,57145.96412037037,2,50,6.901920318603516,0.0020761133809053,-0.0038720974698662,-7.974575042724609,0.998301042413458,0.9983242814266026,0.9966513708859424
29,57145.96162037037,57145.96412037037,2,51,7.834409236907959,-0.0077958387994547,0.0047602653503417,-8.288309097290039,1.014591504583503,1.014587366473333,1.029387524207293
29,57145.96162037037,57145.96412037037,2,54,7.181654930114746,0.007198455623084,0.0129008442163467,-7.649373054504394,0.987588414773849,0.9875873045852284,0.9753286841779168
29,57145.96162037037,57145.96412037037,2,55,7.253129005432129,0.0012382973811074,0.0069308751262724,-8.138118743896484,0.9746225765308264,0.9746465827896368,0.9499359613435164
29,57145.96162037037,57145.96412037037,2,56,6.894603729248047,0.0046491940429471,0.010901503264904,-8.328057289123535,0.9799367533896112,0.9799506523885696,0.9603032811167832
29,57145.96162037037,57145.96412037037,2,59,8.185133934020996,0.0023843478606755,0.0046932697296142,-8.01858139038086,0.9903389979946748,0.9903613344718832,0.9808155728169295
29,57145.96162037037,57145.96412037037,2,60,7.565589904785156,0.0015503576180081,0.0006574280560016,-8.730220794677734,1.0004191536318603,1.0004434273803255,1.0008870513884929
29,57145.96162037037,57145.96412037037,2,61,7.096564292907715,0.0054361795225694,0.0022564232349395,-8.531733512878418,0.9900414263811514,0.990051697938997,0.980202364591891
29,57145.900131050745,57145.9619784689,2,62,6.808268070220947,-0.0032944849999092,-0.0011083036661148,-8.477542877197266,0.9613458573508784,0.9613646686086966,0.9242220260491092
29,57145.96162037037,57145.96412037037,2,63,7.800980091094971,-0.0089949483634909,-0.0010379552841186,-8.694889068603516,0.9939847507071424,0.9939693529732284,0.9879750746500184
29,57145.96162037037,57145.96412037037,2,64,8.128783226013184,-0.0060668846454205,-0.0002962462604045,-7.972307205200195,0.9768675109027468,0.976873586853035,0.954282004691114
29,57145.96162037037,57145.96412037037,2,65,8.341718673706055,0.008214325980695,0.0099346302449703,-837.740421295166,0.9969161181838144,0.9969076580999028,var-error
29,57145.96162037037,57145.96412037037,2,66,8.573530197143555,-748.2842277231209,0.0075336806476116,-8.653833389282227,0.980993363330658,0.9810066680930613,0.9623740828430496
29,57145.96162037037,57145.96412037037,2,67,7.466081619262695,-0.0014333332661163,0.0003741532564163,-8.098217964172363,0.9504683817309444,0.9504914794354302,0.9034340524793528
29,57145.96162037037,57145.96412037037,2,68,781.0451507568359,-0.0034787696508571,0.0060630962252616,-7.995469570159912,0.9515094966730068,0.9515273421765494,0.9054042829095682
29,57145.96162037037,57145.96412037037,2,69,8.068436622619629,-0.0126782491609142,-0.0022713541984558,-8.360250473022461,0.96172293019905,0.9616638277228662,0.9247973175505944
29,57145.96162037037,57145.96412037037,2,70,8.433035850524902,-0.0172867062170127,-0.0075033828616142,-8.653716087341309,0.973160708593708,0.9730319161966954,0.9467911099374128
29,57145.96162037037,57145.96412037037,2,71,7.459779739379883,-0.0010004469983654,0.004339825361967,-8.719488143920898,0.9683165463107292,-0.9683406644990188,0.9376836425224014
29,57145.96162037037,57145.96412037037,2,72,6.72086238861084,-0.0010400623541312,-0.0063380748033523,-8.313108444213867,0.9453499861456588,0.945373463504538,0.8937309854985662
29,57145.96162037037,57145.96412037037,2,73,7.542263984680176,-0.0111361708548709,-0.0072313584387302,-8.465398788452148,0.938055011764978,0.93801276863537,0.879867954122992
29,invalid_time,57145.96412037037,2,74,6.473058700561523,-748.2842277231209,0.007672406733036,-8.55546760559082,0.9453790508690292,0.9454007049267454,0.8937824928759872
29,57145.96162037037,57145.96412037037,2,75,7.163456916809082,-0.0020838345040055,-0.0117176678031682,-7.983592987060547,0.9700118121285394,0.9700342531716604,0.9409664523263012
29,57145.96162037037,57145.96412037037,2,76,6.344797134399414,0.0052300779515002,0.0074872002005577,-8.19290542602539,0.935582030099094,0.9355912108574512,0.8753309138337119
29,57145.96162037037,57145.96412037037,2,77,7.809927940368652,0.0098910651348742,0.0125675834715366,-7.077673435211182,0.9488200939678506,0.9487926750942444,0.9002075403124923
29,57145.96162037037,57145.96412037037,2,79,6.754416465759277,0.0068167370557273,0.002606626600027,-8.300844192504883,0.9511490043870628,0.951148772004796,0.9046839864862316
29,57145.96162037037,57145.96412037037,2,80,692.5485610961914,0.0006748736692877,0.0057402327656745,-6.872753143310547,0.9326386374558072,0.9326621181986664,0.8698586267228232
29,57145.96162037037,57145.96412037037,2,81,6.116186141967773,0.0090473225138592,0.0080638341605663,-6.994229316711426,0.936532690076752,0.9365128113479464,0.877056245818834
29,57145.96162037037,57145.96412037037,2,82,6.479946136474609,-0.001265725946133,0.0023443102836608,-7.582606792449951,0.9335548298287876,0.9335777212017722,0.8715673615242938
29,57145.96162037037,57145.96412037037,2,82,6.479946136474609,-0.001265725946133,0.0023443102836608,-7.582606792449951,0.9335548298287876,0.9335777212017722,0.8715673615242938
29,57145.96162037037,57145.96412037037,2,83,5.859647750854492,-0.0057056336983012,-0.005629114806652,-8.619569778442383,0.9388580441342288,0.9388645895142296,0.8814667174437226
29,57145.96162037037,57145.96412037037,2,84,5.64946985244751,0.0017658043611077,0.0016316678375005,-8.232192993164062,0.9362955313456468,0.9363176841447064,0.876690805642106
29,57145.96162037037,57145.96412037037,2,85,7.588367462158203,-0.0014590816999686,-0.0032051689922809,-6.549330711364746,0.9327399203145884,0.9327625065675358,0.8700458936581523
29,57145.96162037037,57145.96412037037,2,86,8.408368110656738,-0.001309337093289,0.0007085986435413,-6.299175262451172,0.9483159034990332,0.9483391233069772,0.8993470927946461
29,57145.96162037037,57145.96412037037,2,87,7.117556571960449,0.0052674709426684,-0.0001473687589168,-6.732729434967041,-0.95043625048428,0.9504458323131976,0.9033472801615272
29,57145.96162037037,57145.96412037037,2,89,5.39363956451416,-0.0013677190223956,-0.0049591585993766,-6.634310722351074,0.9136602606553008,0.9136824790566922,0.8348156725351827
29,57145.96162037037,57145.96412037037,2,90,5.002439498901367,0.0080451186736693,0.0117087317630648,-7.064512252807617,0.926012080075736,0.9260006872090172,0.857477272711572
29,57145.96162037037,57145.96412037037,2,91,7.223094940185547,0.0055385530332115,-0.0016281306743621,-7.831671714782715,0.952704079080022,0.9527122171477708,0.9076605687026212
29,57145.96162037037,57145.96412037037,2,94,5.892982482910156,0.0012014969605039,0.0036131739616394,-4.729221343994141,0.9204320508464808,,0.847236819846805
29,57145.96162037037,57145.96412037037,2,96,6.604982376098633,0.0077795066438538,0.0145582724362611,-7.586304664611816,0.922918750476484,0.9229094390480608,0.8517618326840062
29,57145.96162037037,57145.96412037037,2,97,5.905043601989746,0.0042991496070431,-0.000789389014244,-6.472643852233887,0.9212654693978178,0.9212788735552152,0.8487547628591665
29,57145.96162037037,57145.96412037037,2,98,5.345203876495361,0.0036967732519723,0.001133993268013,-6.131044387817383,0.9300978329014156,0.930114146365373,0.8651123252689865
29,57145.96162037037,57145.96412037037,2,99,5.7228593826293945,0.0003131862716426,0.0059662526473402,-6.223671913146973,0.9163701937774668,0.9163934513371076,0.8397769576535358
29,57145.96162037037,57145.96412037037,2,100,7.793500423431396,0.0149607834119352,0.0157769434154033,-8.475893020629883,0.9478848111846292,0.9477908480638294,0.898307491673553
29,57145.96162037037,57145.96412037037,2,101,627.7255058288574,0.0064238377754242,0.0044891089200973,-605.6589126586914,0.9223917289102068,0.9223928234743356,0.8508085207969567
29,57145.96162037037,57145.96412037037,2,102,6.517556190490723,0.0074992518634691,-63.407414855309526,-6.08466911315918,,0.9295871613352406,0.8641322905193105
29,57145.96162037037,57145.96412037037,2,103,7.921419143676758,0.0052135920466693,0.0073666330426931,-7.745090961456299,0.950969865742157,0.950979766260807,var-error
29,57145.96162037037,57145.96412037037,2,105,5.834400653839111,-0.000134512182584,0.0011839233338832,-5.671804428100586,0.9187378844763052,0.918761245939168,0.8441222270396923
29,57145.96162037037,57145.96412037037,2,106,7.478260040283203,0.0034410598789033,-0.002685684710741,-7.509490013122559,0.9506801605968012,0.9506981167012116,0.9038269090992306
29,57145.96162037037,57145.96412037037,2,107,5.976803779602051,0.0009815251991491,-0.0086324214935302,-6.60578203201294,0.9290130673710012,0.9290361815501502,0.8631082266292838
29,57145.96162037037,57145.9619784689,2,108,5.929910659790039,0.0092345669134613,0.0053550414741039,-5.110223770141602,0.9176323974281088,0.9176092723600644,0.842006776721167
29,57145.96162037037,57145.96412037037,2,109,5.618982315063477,0.0028675959622646,-63.407414855309526,-5.420095443725586,0.9176448705776687,0.9176637334086518,0.8421067276135052
29,57145.96162037037,57145.96412037037,2,110,5.830432891845703,0.0019852668615168,-0.0016105845570564,-6.261001586914063,0.9111569691194424,0.9111779847336572,0.8302453198632886
29,57145.96162037037,57145.96412037037,2,111,7.673542976379394,0.006376463403661,-0.0028577670454978,-7.204165458679199,0.9321060910107754,0.93210799113919,0.8688253071455362
29,57145.96162037037,57145.96412037037,2,112,5.9446868896484375,0.0009492258582507,-0.0046934988349676,-6.760733604431152,0.9247394909257024,0.9247625277147856,-0.8551857326654396
29,57145.96162037037,57145.96412037037,2,113,6.34283447265625,-0.0145777872752961,-0.0041630491614341,-5.28554630279541,0.9318355678038216,0.931745233782358,0.8681491806761408
29,57145.96162037037,57145.9619784689,2,115,6.080758094787598,0.0104999491168522,0.0048673618584871,-5.764491081237793,0.9179581463729648,0.9179214431801772,0.8425797758499795
29,57145.96162037037,57145.96412037037,2,116,5.786838054656982,0.0050941069350199,-0.0007782280445098,-4.733781814575195,0.924513759291788,0.9245232427037612,0.8547432262994779
29,57145.96162037037,57145.96412037037,2,117,6.496281623840332,-0.0011719043092179,0.0021422784775495,-6.195364952087402,0.921357067416392,,0.848940662217788
29,57145.96162037037,57145.96412037037,2,118,5.772797584533691,0.0033588830261662,0.0090121328830719,-6.514134407043457,0.9421899653528704,0.942207945911415,0.887755813338608
29,57145.96162037037,57145.96412037037,2,118,5.772797584533691,0.0033588830261662,0.0090121328830719,-6.514134407043457,0.9421899653528704,0.942207945911415,0.887755813338608
29,57145.96162037037,57145.96412037037,2,119,5.830209732055664,0.001211162557069,0.0007400270551443,-5.584467887878418,0.9251872124228978,0.9252099550072228,0.8560134608444674
29,57145.96162037037,57145.96412037037,2,120,5.994012832641602,0.007825819045746,0.0120244920253753,-6.584023952484131,0.9335055022560528,0.9334964448845982,0.8714156126121837
29,57145.96162037037,57145.96412037037,2,121,7.557148933410644,-0.0012522459739067,-63.407414855309526,-6.337994575500488,0.9143737550508648,0.9143961578387816,0.8361203334703261
29,57145.96162037037,57145.96412037037,2,122,5.981700897216797,0.0018328336245603,-63.407414855309526,-5.324836730957031,0.9221798359594724,0.9222014733998712,0.8504555575408933
29,57145.96162037037,57145.96412037037,2,123,5.547539234161377,0.0006869055669907,0.0036298744380474,-8.06474494934082,0.9171050647142156,0.9171281372373864,-0.841124020112518
29,57145.96162037037,57145.96412037037,2,125,6.829712867736816,0.0055745419585417,0.006122937425971,-7.897867202758789,0.933085920864448,0.9330930045816376,0.8706625551991877
29,57145.96162037037,57145.96412037037,2,128,8.090204238891602,0.0134909567565352,0.0139915272593498,-847.1734046936035,0.950879184005011,0.9508076690590008,0.9040352235414104
29,57145.96162037037,57145.96412037037,2,128,8.090204238891602,0.0134909567565352,0.0139915272593498,-847.1734046936035,0.950879184005011,0.9508076690590008,0.9040352235414104
30,57145.96430555556,57145.96680555555,2,-10,4.210290431976318,0.0071013917430136,0.0058913677930831,-3.5610880851745605,0.8857233914849214,0.8857174536513462,0.7844954077026247
30,57145.96430555556,57145.96680555555,2,-10,8.48514175415039,0.0087716055570916,-0.0038727968931198,-8.394662857055664,-1.6251393038989623,1.625157026837628,2.64113536187972
30,57145.96430555556,57145.96680555555,2,-10,8.337568283081055,-0.0076587953055195,-0.0074745714664459,-7.715188503265381,0.9440555496920562,0.944048500834655,0.8912275719281596
30,57145.96430555556,57145.96680555555,2,-10,4.7929792404174805,0.0012204070379567,0.0093318298459053,-5.354993343353272,-0.9138004227555772,0.9138228534984072,0.8350722075759716
30,57145.96430555556,57145.96680555555,2,-10,4.7929792404174805,0.0012204070379567,0.0093318298459053,-5.354993343353272,-0.9138004227555772,0.9138228534984072,0.8350722075759716
30,57145.96430555556,57145.96680555555,2,0,3.6367807388305664,0.0068409045034125,0.0035576298832893,-3.909357070922852,0.8856146312932155,0.8856107377471804,0.784306378813105
30,57145.96430555556,57145.96680555555,2,1,4.05982780456543,-0.0056450816061735,-0.0043498799204826,-3.5279133319854736,0.8814947364007283,0.8814990841388789,0.7770406353376823
30,57145.96430555556,57145.96680555555,2,2,3.299919605255127,-0.010923865932133,-0.0141343846917152,-3.628910541534424,0.8818318470840538,0.8817866144709628,0.7775476334601625
30,57145.96430555556,57145.96680555555,2,3,5.522518634796143,-0.0023665786708966,0.0006669759750366,-4.517443656921387,0.920963499327002,0.9209838864996676,0.8482113191920325
30,57145.96430555556,57145.96680555555,2,4,5.483523368835449,0.007880425739941,0.0139958821237087,-5.144620418548584,0.9160695429514644,0.9160589494811932,0.8391639989245874
30,57145.96430555556,57145.96680555555,2,5,3.5010156631469727,-748.2842277231209,0.0038049332797527,-4.696289539337158,0.8961244887576945,0.8961471381094419,0.8030796931417432
30,57145.96430555556,57145.96680555555,2,6,401.91898345947266,0.0119501874132029,0.0145816206932067,-3.9073333740234375,0.8937903687161722,0.8937332113880675,0.7987590531380282
30,57145.96430555556,57145.96680555555,2,7,4.554107666015625,0.0120438276889108,0.0051148831844329,-3.6328091621398926,0.8876793626653127,0.8876202341241046,var-error
30,57145.96430555556,57145.96680555555,2,9,3.2998952865600586,0.0087660206902795,0.0023518130183219,-3.426191568374634,0.8885077344315334,0.8884870917828902,0.7894093122648179
30,57145.96430555556,57145.96680555555,2,10,4.602969169616699,0.0084099105472013,0.0153156891465187,-3.986969470977783,0.8852351084689047,0.885217677685147,-0.7836103368862849
30,57145.96430555556,57145.96680555555,2,11,5.329102993011475,-748.2842277231209,-0.0045908130705356,-3.7938132286071777,0.8963667723870272,0.8963877622405912,0.8035110202946948
30,57145.96430555556,57145.96680555555,2,11,5.329102993011475,-748.2842277231209,-0.0045908130705356,-3.7938132286071777,0.8963667723870272,0.8963877622405912,0.8035110202946948
30,57145.96430555556,57145.96680555555,2,12,4.340602397918701,0.0027369489075235,0.0008082035928964,-3.87393856048584,0.8934450504307861,0.8934635860750371,0.7982771796420652
30,57145.96430555556,57145.96680555555,2,13,4.286279201507568,0.0003255530993299,-0.0079029994085431,-4.7901763916015625,0.8888240980167671,,var-error
30,57145.96430555556,57145.96680555555,2,14,6.842655181884766,-748.2842277231209,0.0048049241304397,-4.981161594390869,0.9057090797861542,0.9057198535275944,0.8203284530740472
30,57145.96430555556,57145.96680555555,2,15,6.163947582244873,0.0104355415257839,0.0145810805261135,-6.221277236938477,0.9058658354419952,0.905828767253298,0.8205257555836296
30,57145.96430555556,57145.96680555555,2,16,7.667001724243164,-748.2842277231209,-0.0013918727636337,-5.385621070861816,0.9021451932860334,0.9021586407697126,0.8138902131154555
30,57145.96430555556,57145.96680555555,2,17,8.054362297058105,0.0045311988815638,0.0002066045999526,-6.134655952453613,1.3545394832198183,1.3545663668409682,1.8348500421767404
30,57145.96430555556,57145.96680555555,2,19,7.847555637359619,0.0059962515301523,0.0074971914291381,-7.346592426300049,0.9166379277333208,0.9166416324641672,0.8402318823665731
30,57145.96430555556,57145.96680555555,2,20,8.522627830505371,0.0009801271116964,0.009314477443695,-7.58390998840332,0.9277962278874098,0.9278193251260096,0.860848700077284
30,57145.96430555556,57145.96466365408,2,21,8.156493186950684,0.0007407763326345,0.0073692947626113,-7.631255626678467,0.9190262338420728,0.9190493163093192,0.8446516458086273
30,57145.96430555556,57145.96680555555,2,22,7.937187194824219,-0.0001525740316987,0.0043283998966217,-8.059240341186523,0.9260357842492354,0.9260593322335664,0.8575858868168791
30,57145.96430555556,57145.96466365408,2,23,8.638275146484375,-0.0019814409670795,-0.006494004279375,-8.512475967407227,0.9256325566114288,0.9256540040682304,0.8568353352475474
30,57145.96430555556,57145.96680555555,2,24,7.872384071350098,-0.0002139258201476,-0.0073659718036651,-7.582057476043701,0.9221751367505506,0.9221986005610632,0.8504502588767834
30,57145.96430555556,57145.96680555555,2,25,7.979704856872559,-0.0094294979374985,-0.0122792720794677,-7.927538871765137,0.9305042894631738,0.9304802024654116,0.8657934071800732
30,57145.96430555556,57145.96680555555,2,26,6.039682388305664,-3.938189581183283e-05,0.0061114728450775,-7.76091194152832,0.92898427812732,0.9290079369412904,0.8630557468999126
30,57145.96430555556,57145.96680555555,2,27,7.085472583770752,-0.0053053844507522,-0.004553198814392,-7.25994348526001,0.9415090313687888,0.941518071409942,0.8864562787914967
30,57145.96430555556,57145.96680555555,2,28,7.921244621276855,-0.0106139929140986,-0.0123471766710281,-7.520431518554687,0.9581368551388644,0.958102466901396,0.9179603370825408
30,57145.96430555556,57145.96680555555,2,29,7.060465335845947,-0.0003914055316852,0.0112147219479084,-6.605317115783691,0.954353918350607,0.9543781550036182,0.9108376627481104
30,57145.96430555556,57145.96680555555,2,30,7.903679370880127,-0.0074944334117845,-0.0078788772225379,-7.630619049072266,0.9438507835816862,0.9438450679269904,0.8908435122501054
30,57145.96430555556,57145.96680555555,2,31,8.227079391479492,0.0115280320389591,0.0178653299808502,-7.830382823944092,0.9515622446501651,,0.9053839300335248
30,57145.96430555556,57145.96680555555,2,31,8.227079391479492,0.0115280320389591,0.0178653299808502,-7.830382823944092,0.9515622446501651,,0.9053839300335248
30,57145.96430555556,57145.96680555555,2,32,8.16297435760498,-0.0091473006589716,-0.0117215514183044,-7.907489776611328,0.9749163946763132,0.9748983255855096,0.95042674522943
30,57145.96430555556,57145.96680555555,2,33,8.140334129333496,0.0030585339995587,-0.0020152926445007,-8.046917915344238,0.9549652268458384,0.9549846575926376,0.911995696237327
30,57145.96430555556,57145.96680555555,2,34,8.19609260559082,0.0059563407852657,0.0046569555997848,-7.411624431610107,0.9569263551079836,0.9569321957183065,0.915719227202259
30,57145.96430555556,57145.96680555555,2,35,7.330110549926758,0.0175927585836126,0.0146316718310117,-7.886110305786133,0.9631973134174772,0.963061162669776,0.9274868030428608
30,57145.96430555556,57145.96466365408,2,36,7.604898929595947,0.0124674005062773,0.0110248103737831,-7.836153030395508,0.9703313295720224,0.9702759488789726,-0.9414354169729908
30,57145.96430555556,57145.96680555555,2,37,8.35717487335205,0.0047475009678175,-0.0002326965332031,-8.266797065734863,0.9869219266760066,0.986935663324956,0.9740420035426708
30,57145.96430555556,57145.96680555555,2,38,8.02033805847168,-0.0009629544059314,-0.0037033651024103,-8.265958786010742,0.974588022579274,0.9746123704645816,0.9498692726625912
30,57145.96430555556,57145.96680555555,2,39,8.090126037597656,0.0127607640616627,0.0128836780786514,-6.315670967102051,0.9758796372502326,0.9758210546182272,0.9522267306362292
30,57145.96430555556,57145.96680555555,2,40,7.961445331573486,-0.0075764556737679,-0.0121092926710844,-8.215038299560547,0.9616846100273309,0.9616792576645912,0.9248269946223192
30,57145.96430555556,57145.96680555555,2,41,7.612911224365234,-0.0042438036053366,-0.0052501931786537,-8.284441947937012,0.9751700013017746,0.9751856065189152,0.9509869671616642
30,57145.96430555556,57145.96680555555,2,42,7.659967422485352,-0.0088407378082233,-0.013096023350954,-8.107206344604492,-0.9821615931998646,0.9821468315666204,0.9646123987563516
30,57145.96430555556,57145.96680555555,2,43,7.991443157196045,0.0047417239375233,0.0101668909192085,-7.8442182540893555,0.9906092678449192,0.990623148079156,0.9813342215102572
30,57145.96430555556,57145.96680555555,2,44,7.995197296142578,-0.0001575225987144,0.0087896734476089,-8.157021522521973,-0.9989337599530016,0.9989591990470752,0.997919481360774
30,57145.96430555556,57145.96680555555,2,45,7.653936862945557,-0.0038898423663251,-0.0032683908939361,-8.019950866699219,1.001021073753272,1.001039025708299,1.0020791309910206
30,57145.96430555556,57145.96680555555,2,46,8.279802322387695,-0.0081550998609344,-0.0113077759742736,-8.560328483581543,1.0029301934964403,1.0029226040984351,1.0058537498115865
30,57145.96430555556,57145.96680555555,2,47,8.245616912841797,-0.0058109657336023,-0.0055605471134185,-8.352493286132812,1.0137517746706972,1.0137609669760623,1.0277112981642411
30,57145.96430555556,57145.96680555555,2,48,8.465188980102539,-0.0070903743506404,-0.0009309258311986,-8.375629425048828,1.0126853683306338,1.0126863527111187,1.0255336489673483
30,57145.96430555556,57145.96680555555,2,49,8.1856689453125,-0.0004525447330965,0.0009112320840358,-8.327524185180664,1.010353383337022,1.0103790336422809,1.0208657916239092
30,57145.96430555556,57145.96680555555,2,50,8.191411972045898,0.0021651218356629,0.006344512104988,-8.362905502319336,1.0037303862133908,1.003753622105923,1.00752133389076
30,57145.96430555556,57145.96680555555,2,52,774.8040199279785,0.0061628398311885,0.0041709458455443,-7.9319305419921875,1.0098934940794568,1.0099004343522795,1.019898887304923
30,57145.96430555556,57145.96680555555,2,53,8.255435943603516,-0.0027831720133778,-0.0003428608179092,-8.387409210205078,0.9912943458011956,0.9913156968166214,0.9827068107550236
30,57145.96430555556,57145.96680555555,2,54,7.969767570495605,-0.0036122527404093,-0.0133627951145172,-7.629919052124023,0.9981768756100357,0.9981957430719558,0.996394741486974
30,57145.96430555556,57145.96680555555,2,55,7.846542835235596,0.0058640143071934,0.012012219056487,-8.375920295715332,0.9880686164877084,0.9880763575971058,0.9762948884423636
30,57145.96430555556,57145.96680555555,2,56,7.287298202514648,-0.0011313111651953,-0.0022989362478256,-8.18995475769043,0.978910696176792,-0.9789349482582836,0.9583136329214482
30,57145.96430555556,57145.96680555555,2,56,7.287298202514648,-0.0011313111651953,-0.0022989362478256,-8.18995475769043,0.978910696176792,-0.9789349482582836,0.9583136329214482
30,57145.96430555556,57145.96680555555,2,57,7.576132297515869,0.0151884141407989,0.0119086056947708,-8.261707305908203,0.984269789014799,0.984177658109334,0.9686056627215732
30,57145.96430555556,57145.96680555555,2,59,7.968204021453857,-0.0021990643159426,-0.0005223453044891,-7.807061672210693,0.9683605349480424,0.9683826866216384,0.9377650277485424
30,57145.96430555556,57145.96680555555,2,60,7.7387542724609375,0.0031226489516376,0.0046085156500339,-7.550784587860107,0.9627366766240328,0.9627561303214988,0.926899366471627
30,57145.96430555556,57145.96680555555,2,63,8.341017723083496,-0.0047183148529236,-0.0043215900659561,-7.840807914733887,0.9543371870457096,0.9543498219812442,0.9107835827156324
30,57145.96430555556,57145.96680555555,2,64,7.111696243286133,0.0120573262923535,0.0279064178466796,-8.209062576293945,0.9601621130096762,0.9601108737350956,0.9218128898643686
30,57145.96430555556,57145.96680555555,2,65,8.016939163208008,0.0043104434879659,-0.0009098351001739,-7.699948787689209,0.9554564973691808,0.955471105383794,0.9129250332233292
30,57145.96430555556,57145.96680555555,2,66,8.072541236877441,0.004867885312745,0.008188921958208,-7.612557411193848,0.9479340197486256,0.9479456516296428,0.8986009584435481
30,57145.96430555556,57145.96680555555,2,67,7.1077399253845215,0.0005177920827079,-0.0036669224500656,-8.255048751831055,0.9338447969070992,0.9338684101683468,-0.8721102075103553
30,57145.96430555556,57145.96680555555,2,68,7.487188339233398,-0.0028971020633219,-0.0053669959306716,-7.749709129333496,0.9291329273292804,0.9291520486686078,0.863323529545071
30,57145.96430555556,57145.96680555555,2,69,8.248744010925293,-0.0067446067105651,-0.005785571411252,-7.982934474945068,0.9518361940486744,0.9518365180444576,0.9059927570829972
30,57145.96430555556,57145.96680555555,2,70,7.817793846130371,0.0096917984163965,0.007696196436882,-8.133112907409668,0.9428461230992154,0.9428203036372488,0.8889101249506338
30,57145.96430555556,57145.96680555555,2,71,7.933025360107422,0.0022637364249571,0.0096295624971389,-8.32020378112793,0.9399653806574602,0.9399865745089108,0.8835747602569962
30,57145.96430555556,57145.96680555555,2,72,8.358660697937012,-0.0020222801390335,-0.0100705847144126,-8.346269607543945,0.9408843397154332,0.940906104710366,0.8853042978812344
30,57145.96430555556,57145.96680555555,2,73,8.132796287536621,0.0109229553645829,0.0123941004276275,-7.535858631134033,0.9364438473418968,0.9364039634258772,0.8768523827196916
30,57145.96430555556,57145.96680555555,2,73,8.132796287536621,0.0109229553645829,0.0123941004276275,-7.535858631134033,0.9364438473418968,0.9364039634258772,0.8768523827196916
30,57145.96430555556,57145.96680555555,2,74,7.3241987228393555,0.0132479323255263,0.0086708664894104,-8.362963676452637,0.9381869628760034,0.9381172923975142,0.880064054295243
30,57145.96430555556,57145.96680555555,2,75,8.52224349975586,-0.0078121091772252,-0.0067881643772125,-7.769490718841553,0.9312450439300012,0.9312359778085672,0.8672004463650781
30,57145.96430555556,57145.96680555555,2,76,7.715936183929443,-0.0011779671632269,0.0001308917999267,-6.915670394897461,,0.9247967961345008,0.8552491141406378
30,57145.90281623593,57145.96680555555,2,77,8.218728065490723,-0.0045244724763382,-63.407414855309526,-8.227534294128418,0.934287465081902,0.9343002811167034,0.872917015294751
30,57145.96430555556,57145.96680555555,2,79,8.010683059692383,-0.0144942429668498,-0.0055948682129383,-8.301995277404785,0.9290474872082366,0.9289580521393862,0.8629630626346025
30,57145.96430555556,57145.96680555555,2,80,7.315638065338135,-0.0062769973587984,-0.0038527846336364,-7.350078582763672,-0.9230397113581008,0.9230418484065044,0.8520062539096962
30,57145.96430555556,57145.96680555555,2,81,8.177674293518066,-0.0149353331874573,-0.024381473660469,-8.11961841583252,0.9308754688898668,0.930779326423198,0.8663501544968223
30,57145.96430555556,57145.96680555555,2,82,7.694458961486816,-0.0032776593174583,0.0019047893583774,-8.669384956359863,0.9314295091519204,0.9314474385952684,0.8675943308656865
30,57145.96430555556,57145.96680555555,2,83,7.936382293701172,0.0090495595728105,0.0183644630014896,-7.15852165222168,0.9340167955383124,-0.9339967134110876,0.8723498606627135
30,57145.96430555556,57145.96680555555,2,84,7.825104713439941,-0.0012012789079253,0.0005658343434333,-7.594951152801514,0.9287885354772089,0.9288113855840328,0.862690589990531
30,57145.96430555556,57145.96466365408,2,85,7.054554462432861,-0.0175687549470408,-0.0117371622473001,-7.818320274353027,0.923214438801339,0.9230707380454232,0.8520595874357225
30,57145.96430555556,57145.96680555555,2,86,8.095954895019531,0.0028405246148372,0.0119290370494127,-7.657367706298828,0.9396173775135628,0.9396369887343188,0.8829176705976985
30,57145.96430555556,57145.96680555555,2,87,8.445557594299316,-0.0075386190640345,-0.0055428594350814,-8.321283340454102,0.9488331603523276,0.9488273507438574,0.900273341519607
30,57145.96430555556,57145.96680555555,2,88,7.8604841232299805,0.0083425821253473,0.0201459527015686,-7.894997596740723,0.9529462632802908,0.9529339892426364,0.9080831878538852
30,57145.96430555556,57145.96680555555,2,89,5.8078436851501465,-748.2842277231209,0.0008831992745399,-7.015327453613281,0.9130783768130762,0.913093997110318,0.8337406475588974
30,57145.96430555556,57145.96680555555,2,90,7.297787666320801,-0.0155802972826653,-0.014110404998064,-7.562919616699219,0.925748736746,0.9256411660333111,-0.8568115682555082
30,57145.96430555556,57145.96680555555,2,91,8.166172981262207,-0.0069741505307402,-0.0109494403004646,-7.789665222167969,0.9489582111975862,0.948956735097815,0.9005188850875046
30,57145.96430555556,57145.96680555555,2,92,6.881925582885742,-0.0029632619224134,-0.0013512149453163,-8.015299797058105,0.9314496698980544,0.9314686520726212,0.867633849793986
30,57145.96430555556,57145.96680555555,2,93,6.732743740081787,-0.0073081201323956,-0.0125015825033187,-6.420021057128906,0.912158476960764,0.9121524037316732,0.8320220076334691
30,57145.96430555556,57145.96680555555,2,94,6.901355743408203,0.001484871095715,0.0018266588449478,-6.629782676696777,0.9249058753088248,0.9249282115643488,0.8554921965476245
30,57145.96430555556,57145.96680555555,2,95,6.393515110015869,-0.0006310801130446,0.0035128034651279,-8.03264331817627,0.9226852271416456,0.9227084830437674,0.8513909446809305
30,57145.96430555556,57145.96680555555,2,96,7.481832504272461,-0.0064565320648018,-0.0036342032253742,-7.780349254608154,0.9282384074270056,0.9282395647782582,0.8616286896197303
30,57145.96430555556,57145.96680555555,2,97,7.414945125579834,-0.0072335333652203,-0.0061919093132019,-6.860648155212402,0.9190235001490596,0.9190184103850384,0.8445948386266431
30,57145.96430555556,57145.96680555555,2,98,6.456191539764404,0.0054528584959566,0.0060322135686874,-8.546531677246094,0.9229659686850944,0.9229733393291653,0.8518797851124305
30,57145.96430555556,57145.96680555555,2,99,7.653620719909668,0.0090043772192327,0.0123248323798179,-8.257060050964355,0.9258055689990348,0.9257853297020908,0.8570784766916091
30,57145.96430555556,invalid_time,2,100,838.3110046386719,0.0014670839479379,-0.009954534471035,-7.64427375793457,0.933463615128648,0.9334862105497536,0.8713965052865389
30,57145.96430555556,invalid_time,2,100,838.3110046386719,0.0014670839479379,-0.009954534471035,-7.64427375793457,0.933463615128648,0.9334862105497536,0.8713965052865389
30,57145.96430555556,57145.96680555555,2,101,7.847283363342285,0.0138321237017994,0.0136746764183044,-7.632720470428467,0.9194059076104438,0.919325237771998,0.8451588928045405
30,57145.96430555556,57145.96680555555,2,102,6.869964599609375,-748.2842277231209,0.0075516030192375,-7.130764007568359,0.9308325845143438,0.9308546233338474,0.8664903297819988
30,57145.96430555556,57145.96680555555,2,103,8.719903945922852,-0.0147640430363034,-0.0104239284992218,-8.250591278076172,0.9455941481069456,0.9455029346044088,0.893975799345549
30,57145.96430555556,57145.96680555555,2,104,6.589232444763184,0.0081577642491382,0.0062404200434684,-6.947415351867676,0.9106655422936648,0.9106521678668732,0.8292873708406359
30,57145.96430555556,57145.96680555555,2,105,6.395267486572266,0.0065718054450226,0.0048372372984886,-7.116464138031006,0.9079613799046944,0.90796069286511,0.8243926197880908
30,57145.96430555556,invalid_time,2,106,7.320023536682129,0.0054538478429932,0.0023905560374259,-7.735430240631103,0.9324514730632246,0.9324592430840668,0.869480240012911
30,57145.96430555556,57145.96680555555,2,107,5.279077529907227,-0.0031740921123068,-0.0040724277496337,-6.093257904052734,0.9203632167502134,0.9203811559438504,0.8471014722165384
30,57145.96430555556,57145.96680555555,2,108,4.632125377655029,0.0030405835536985,0.0025252848863601,-4.761608600616455,0.9119421593999923,0.9119602887604848,0.8316715682761067
30,57145.96430555556,57145.96680555555,2,109,5.190713882446289,-0.0059535194109325,-0.0048835575580596,-5.359823226928711,0.9094437472312192,0.909447394554829,0.8270945634625669
30,57145.96430555556,57145.96680555555,2,111,5.824645519256592,-0.0027008253964358,0.0017929375171661,-7.858789443969727,0.922222446122448,0.9222419511398664,0.8505302164422677
30,57145.96430555556,57145.96680555555,2,112,5.589583396911621,0.0024166888269818,0.0008013099431991,-6.599779605865479,0.92336617998352,0.9233865063938028,0.8526426401901522
30,57145.90281623593,57145.96680555555,2,113,5.6848883628845215,-0.0040662631366514,0.0012352168560028,-6.946755409240723,,-0.909772580173778,0.8276861476360533
30,57145.96430555556,57145.96680555555,2,114,5.571804046630859,-0.0092793564487186,-0.0037112860009074,-6.935562133789063,0.9218394698714087,0.9218162141031844,0.8497451325835277
30,57145.96430555556,57145.96680555555,2,115,5.445752143859863,0.0041391562572532,0.0040068961679935,-6.394302368164063,0.9108329521912576,0.9108467172080896,0.8296417422487533
30,57145.90281623593,57145.96680555555,2,116,4.8625102043151855,0.0117458772933837,0.0113665759563446,-4.94212007522583,0.9050697788050148,0.9050165790403892,0.8190550083379692
30,57145.96430555556,57145.96680555555,2,117,6.699092388153076,-0.0130331474366776,-0.020538005977869,-7.070365905761719,0.9117247307120152,0.9116547617642334,0.8311144046474013
30,57145.96430555556,57145.96680555555,2,118,8.089759826660156,-0.004747513527709,-0.0057453587651252,-7.042869091033936,0.917360467440843,0.9173715186775389,0.841570503280734
30,57145.96430555556,57145.96680555555,2,119,5.464433670043945,-0.006578209805742,-0.0130133479833602,-6.904388427734375,0.9019940603097256,0.9019930174307376,0.8135914034938065
30,57145.96430555556,57145.96680555555,2,120,6.067602634429932,-0.0060250206349082,0.0006349310278892,-6.747443199157715,0.9086741104301236,0.9086772503667844,0.8256943453341394
30,57145.96430555556,57145.96680555555,2,121,6.0565996170043945,0.001889570671586,0.0090126916766166,-6.962080001831055,0.906106597448799,0.9061276771553683,0.8210673673069834
30,57145.96430555556,57145.96680555555,2,122,5.632206916809082,-0.0032708329969775,-0.0047807246446609,-6.364492416381836,0.9103731461312964,0.9103904286824862,0.8288107326366809
30,57145.96430555556,57145.96680555555,2,124,7.370571136474609,-0.0072440782519586,-0.0098756477236747,-7.251365661621094,0.9106240563206824,0.9106184064629618,0.829225882189144
30,57145.96430555556,57145.96680555555,2,125,6.7694244384765625,-0.0061026992610868,-0.0063827782869338,-7.545285224914551,0.9150630327587956,0.9150659599116804,0.837345710989085
30,57145.96430555556,57145.96680555555,2,126,6.604091167449951,-0.0051570591664865,-9.18656587600708e-05,-841.2497520446777,0.9087933016821224,0.9088017885204732,0.8259206908180112
30,57145.96430555556,57145.96680555555,2,127,8.205926895141602,-0.0041406491146589,-0.0023066028952598,-7.796101093292236,0.9232623766545652,0.9232765789769124,0.852439641287311
30,57145.96430555556,57145.96680555555,2,128,6.777459144592285,-0.0106301605660697,-0.0105834789574146,-8.125635147094727,0.924944043150649,0.9249064850160696,0.855452006024781
31,57145.96699074074,57145.96949074074,2,-10,6.938218593597412,0.0104631277831938,0.0104360096156597,-7.3262810707092285,1.3113808163960337,1.3113731579282195,1.7196995593346307
31,57145.96699074074,57145.96949074074,2,-10,7.445375442504883,0.0037303992887077,-6.369873881340027e-05,-5.43351936340332,0.9210194972807872,0.9210358908462102,0.8483071122268719
31,57145.96699074074,57145.96949074074,2,-10,8.07419490814209,-0.0018389534984036,-0.0003056190907955,-8.393959045410156,,0.9144639259821912,0.8362442719227626
31,57145.96699074074,57145.96949074074,2,-10,7.352727890014648,0.0023890406308953,0.0073486715555191,-7.608190536499023,0.945780785962392,0.9458023633241353,0.8945421104695193
31,57145.96699074074,57145.96949074074,2,0,3.854903936386109,0.0058343589539676,0.0040041152387857,-3.2848191261291504,0.8869836045627559,0.8869874667788621,0.7867467662227831
31,57145.96699074074,57145.96949074074,2,1,3.6259355545043945,0.0001033395708619,-0.0006529241800308,-3.6747968196868896,-0.8819719921784333,0.8819949072877474,0.7779150164815222
31,57145.96699074074,57145.96949074074,2,2,3.924708843231201,0.0050145135056362,0.0115066543221473,-4.336739540100098,0.8880911697258475,0.8881000924752367,-0.7887217742545239
31,57145.96699074074,57145.96949074074,2,3,6.501458644866943,-0.0003814843677375,-0.0016766395419836,-6.376270294189453,0.927399024327215,0.9274230476093828,0.8601135092370756
31,57145.96699074074,57145.96949074074,2,4,5.049391269683838,0.007856604342737,0.0078143936116248,-5.224595069885254,0.910577504037024,0.910567273102167,0.8291327588447165
31,57145.96699074074,57145.96949074074,2,5,4.163260459899902,0.0049538905343637,-0.0010551642626523,-4.155196189880371,0.8923759912536469,0.8923854319511029,0.7963517591585565
31,57145.96699074074,57145.96949074074,2,6,4.516108512878418,0.008094366997158,0.0127264373004436,-3.569098949432373,0.8815365981444948,-0.8815223445550916,var-error
31,57145.96699074074,57145.96949074074,2,7,4.356874465942383,-0.0047893218811322,-0.0075235851109027,-3.5936529636383057,0.8856305767379834,0.8856406426802227,0.7843593479670379
31,57145.96699074074,57145.96949074074,2,8,3.545182228088379,-0.0057453469470581,-0.0088724121451377,-3.498654842376709,0.8853150095072564,0.8853193743467761,0.7837903945937671
31,57145.96699074074,57145.96949074074,2,9,4.488386154174805,0.0039801599452293,0.0054928176105022,-4.292106628417969,0.8832657146645957,0.8832797015002344,0.7801830310823432
31,57145.96699074074,57145.96949074074,2,9,4.488386154174805,0.0039801599452293,0.0054928176105022,-4.292106628417969,0.8832657146645957,0.8832797015002344,0.7801830310823432
31,57145.96699074074,57145.96949074074,2,10,4.196471691131592,0.0023173164081103,0.0012696422636508,-3.841588020324707,0.8833254584592286,0.8833453750887135,0.78029905169062
31,57145.96699074074,57145.96949074074,2,11,3.608015537261963,-0.0092999032772631,-0.0107643529772758,-4.730551719665527,0.8856109555242224,0.8855851389628049,0.7842610383517704
31,57145.96699074074,57145.96949074074,2,12,4.150150775909424,0.0010996503398217,0.0026280172169208,-3.872012138366699,0.893679585920422,0.8937021347833022,0.7987035057162316
31,57145.96699074074,57145.96949074074,2,13,5.723958492279053,-0.0009309735885393,-0.0053912121802568,-3.697190284729004,0.8896658707980692,0.8896885048018768,0.7915456355765992
31,57145.96699074074,57145.96949074074,2,14,400.06208419799805,0.0101603350209522,0.0019661299884319,-5.841714859008789,0.8910012092418312,0.8909664311071519,0.7938211813598153
31,57145.96699074074,57145.96949074074,2,15,6.6407670974731445,0.0075529033678541,0.001302883028984,-5.069077968597412,0.8941891430153855,0.8941804819185273,0.7995587342440498
31,57145.96699074074,57145.967348839265,2,16,6.839817047119141,0.0097050245771893,0.0103355888277292,-7.124818801879883,0.9053337259510118,0.9053052332936368,0.8195775654288459
31,57145.96699074074,57145.96949074074,2,18,8.106553077697754,0.015033629111325,0.0019504949450492,-7.56303071975708,1.5261518000849803,1.526117462640621,2.3290345097766485
31,57145.90550142111,57145.96949074074,2,19,7.5793962478637695,0.0027033500575225,-0.0001881048083305,-6.968873977661133,0.9209442182586608,0.920964185663718,0.8481750312752352
31,57145.96699074074,57145.96949074074,2,20,7.090785026550293,0.00103430467071,0.0007914900779724,-8.310190200805664,0.9346052463446712,0.9346289794580008,0.873531329242704
31,57145.96699074074,57145.96949074074,2,21,7.822084903717041,0.001006197825023,-0.0028997510671615,-7.782808303833008,0.9279450716824376,0.9279686458410588,0.8611258076640884
31,57145.96699074074,57145.96949074074,2,21,7.822084903717041,0.001006197825023,-0.0028997510671615,-7.782808303833008,0.9279450716824376,0.9279686458410588,0.8611258076640884
31,57145.96699074074,57145.96949074074,2,22,7.632602691650391,0.0110332334795041,0.0091620199382305,-8.055412292480469,0.9300328962006116,0.9299916273205446,0.8648844268863147
31,57145.96699074074,57145.96949074074,2,24,763.6760711669922,0.0147030801404365,0.0213870033621788,-8.327125549316406,0.9513166244701646,0.9512277420105576,0.9048342171705036
31,57145.96699074074,57145.96949074074,2,24,763.6760711669922,0.0147030801404365,0.0213870033621788,-8.327125549316406,0.9513166244701646,0.9512277420105576,0.9048342171705036
31,57145.96699074074,57145.96949074074,2,25,8.009329795837402,0.0129083050857102,0.0145460069179534,-8.28664779663086,0.9418296672136632,0.9417657064917478,0.886922645923901
31,57145.90550142111,57145.96949074074,2,26,7.788946151733398,0.0020500114005878,0.0094920098781585,-8.211691856384277,0.956666937759738,0.9566896307911604,0.9152550496633272
31,57145.96699074074,57145.96949074074,2,27,8.105742454528809,0.0016873013661644,-0.0008176825940608,-8.297734260559082,0.9620887849094236,0.962112350222286,0.9256601744502508
31,57145.96699074074,57145.96949074074,2,28,8.484969139099121,-0.0075304248737514,-63.407414855309526,-7.907665252685547,0.9654565258420122,0.965452282570565,0.9320981099207142
31,57145.96699074074,57145.96949074074,2,29,7.914784431457519,0.0021307935308191,-0.0054633170366287,-8.291532516479492,0.9787860393344386,0.978809206161412,0.9580674620663332
31,57145.96699074074,57145.96949074074,2,31,8.351349830627441,-0.0104683484724875,-0.0116645656526088,-8.316997528076172,0.9723406606028948,0.9723096095985624,0.9453859769177088
31,57145.96699074074,57145.967348839265,2,33,8.46998405456543,0.0028472048056906,0.0096813105046749,-8.384614944458008,0.964042843676417,0.9640637322826916,0.929418879902833
31,57145.96699074074,57145.96949074074,2,34,7.284443378448486,-0.0026770616077287,0.002595504745841,-7.76611328125,0.9694586809472194,0.96948022667424,0.9398919099123356
31,57145.96699074074,57145.96949074074,2,35,7.442198753356934,0.0072721544907248,-9.559839963912964e-05,-7.990766525268555,0.9712808304951318,0.9712788949304576,0.9433826917373308
31,57145.96699074074,57145.96949074074,2,36,7.714663982391357,0.0129999245037083,0.0138776414096355,-7.165529727935791,0.9799062977989244,0.9798455767574256,0.960097354291092
31,57145.96699074074,57145.96949074074,2,37,7.587832927703857,0.0072248010518656,-0.0048394054174423,-7.83578634262085,0.996341849607808,0.9963416188785892,0.992696621509608
31,57145.96699074074,57145.96949074074,2,38,8.027788162231445,0.0112305606882156,0.0117550510913133,-7.554224014282227,1.0036366131252086,1.0035998990641966,1.0072127574016656
31,57145.96699074074,57145.96949074074,2,39,7.452080726623535,0.013364676601363,0.010340392589569,-7.597697257995605,0.984717137674603,0.9846520677856512,0.9695396945945584
31,57145.96699074074,57145.96949074074,2,40,8.22684383392334,0.013557947032102,0.0154970213770866,-7.327569484710693,0.9901452063999002,0.9900781431596,0.9802547295623614
31,57145.96699074074,57145.96949074074,2,41,8.104942321777344,0.0101996226507839,0.010495476424694,-8.008648872375488,1.0046869260996685,1.004661301048552,1.009344329824569
31,57145.96699074074,57145.96949074074,2,42,8.024849891662598,0.0122670873098097,0.0147042274475097,-8.287530899047852,1.0157093380247404,1.0156617012901898,1.0315686914676827
31,57145.96699074074,57145.96949074074,2,44,8.27753734588623,-0.0014326411509168,0.0081508457660675,-8.330513000488281,1.0179476593061194,1.017973139157708,1.0362693120465984
31,57145.96699074074,57145.96949074074,2,45,8.153590202331543,0.0024689693658553,0.0075390487909317,-7.875663757324219,1.0212058561734612,-1.021229455342148,1.0429096004584202
31,57145.96699074074,57145.96949074074,2,46,7.98383092880249,-0.0075103844509481,-0.0019505843520164,-7.956030368804932,1.0272257626387018,1.0272250494732809,1.0551913022653845
31,57145.96699074074,57145.96949074074,2,47,8.174830436706543,-0.0208931985047678,-0.0160216987133026,-8.309615135192871,1.0270747386126635,1.0268889440610738,1.054500903434867
31,57145.96699074074,57145.96949074074,2,48,8.293330192565918,0.0035098319437026,-0.0026249196380376,-8.144779205322266,1.0143836538591944,-1.01440398233391,1.0290154393748956
31,57145.96699074074,57145.96949074074,2,48,8.293330192565918,0.0035098319437026,-0.0026249196380376,-8.144779205322266,1.0143836538591944,-1.01440398233391,1.0290154393748956
31,57145.96699074074,57145.96949074074,2,49,7.981249809265137,0.0115492809010036,0.0212480090558528,-8.30317497253418,1.0214179897636604,1.0213792753590318,1.0432156241329409
31,57145.96699074074,57145.96949074074,2,50,8.180051803588867,-0.0013450770444322,0.0076419301331043,-7.947763442993164,1.006761790640927,1.0067870849348668,1.0136202343916467
31,57145.96699074074,57145.96949074074,2,51,8.19983196258545,0.0033073964435975,0.0070700999349355,-8.63027572631836,1.0192303290616227,1.0192514840581326,1.0388735877547055
31,57145.96699074074,57145.96949074074,2,52,8.195883750915527,0.0020882293440487,-0.0018971562385559,-8.357683181762695,1.0202401827848195,1.0202646029746547,1.0409398600830295
31,57145.96699074074,57145.96949074074,2,53,8.226922035217285,0.0023548768331634,0.0010756701231002,-8.38178825378418,1.007771979124404,1.007795449578922,1.0156516681919816
31,57145.96699074074,57145.96949074074,2,54,8.248883247375488,0.0086655053504626,0.0160938575863838,-7.618680477142334,0.983539138080232,0.9835265471621276,0.9673244689726572
31,57145.96699074074,57145.96949074074,2,55,7.518410205841064,0.0030611110088226,0.0099390931427478,-8.171560287475586,0.9958877524161434,0.9959089482511152,0.9918346332066428
31,57145.96699074074,57145.96949074074,2,56,8.554533958435059,0.0075041182787659,3.520585596561432e-05,-7.646479606628418,-0.9783343474313404,0.9783310055418878,0.9571315564046012
31,57145.96699074074,57145.96949074074,2,57,7.742575645446777,0.0087489249465771,0.0097543597221374,-8.281632423400879,0.9674202669592532,0.967405872402083,0.9358741219580352
31,57145.96699074074,57145.96949074074,2,58,7.283117294311523,-0.0029041133060331,0.0023014117032289,-8.387993812561035,0.9590342734742822,0.9590548235237568,-0.9197861545241844
31,57145.96699074074,57145.96949074074,2,58,7.283117294311523,-0.0029041133060331,0.0023014117032289,-8.387993812561035,0.9590342734742822,0.9590548235237568,-0.9197861545241844
31,57145.96699074074,57145.96949074074,2,59,7.235638618469238,-0.0108222473517604,-0.0127707719802856,-8.371337890625,0.9609334652210084,0.960897518363396,0.9233240407969332
31,57145.96699074074,57145.96949074074,2,60,7.519586563110352,-0.0196960792772642,-0.0215328522026538,-8.117256164550781,0.9548261821172024,,0.9113525218693728
31,57145.90550142111,57145.96949074074,2,61,7.381284713745117,-0.0111798558630272,-0.0049223229289054,-7.851500034332275,,0.9479327316488464,0.8985764637312438
31,57145.90550142111,57145.96949074074,2,61,7.381284713745117,-0.0111798558630272,-0.0049223229289054,-7.851500034332275,,0.9479327316488464,0.8985764637312438
31,57145.96699074074,57145.96949074074,2,62,8.219106674194336,-0.0090357483085511,-0.0056339502334594,-834.3790054321289,0.9368495657931376,0.9368303432308058,0.8776510919979496
31,57145.96699074074,57145.96949074074,2,63,7.8493218421936035,0.0002759310836524,-0.0068328753113746,-8.624268531799316,0.9593639957735246,0.959388904120384,0.9204270693493116
31,57145.96699074074,57145.96949074074,2,64,7.708294868469238,-0.0043015944465939,-0.0090164430439472,-8.222574234008789,0.9528250336949458,0.952840116929328,-0.9079042884298958
31,57145.96699074074,57145.96949074074,2,65,8.52198314666748,0.0006435696721022,0.0067235082387924,-7.395244121551514,0.937787072289687,0.9378112447246008,0.879489930731905
31,57145.96699074074,57145.96949074074,2,66,7.671661853790283,0.0091832576923179,0.0146327055990695,-8.176860809326172,0.935000662126976,0.9349798807145848,0.8741873773410592
31,57145.96699074074,57145.96949074074,2,67,6.682881832122803,0.0110148005581332,-0.0016633793711662,-6.878059387207031,0.919122312950827,0.919080197077733,0.8447084086604446
31,57145.96699074074,57145.96949074074,2,68,8.071802139282227,0.0051307304349609,0.0066623948514461,-7.202583312988281,0.9296569981195328,,0.8642807401352341
31,57145.96699074074,57145.96949074074,2,68,8.071802139282227,0.0051307304349609,0.0066623948514461,-7.202583312988281,0.9296569981195328,,0.8642807401352341
31,57145.96699074074,57145.96949074074,2,69,8.134540557861328,0.006144876114749,0.0124981701374053,-8.019338607788086,0.9297547846645372,0.9297586470027276,0.8644511416763428
31,57145.96699074074,57145.96949074074,2,70,7.420773506164551,-0.0039311910630367,-0.0019038543105125,-8.140320777893066,0.9174142399273136,0.9174296678743186,0.8416771954959824
31,57145.96699074074,57145.96949074074,2,71,5.809105396270752,-0.0119796116439154,-0.0120716094970703,-7.780540943145752,0.9182578910347956,0.918203615412869,0.8430978793572638
31,57145.96699074074,57145.96949074074,2,72,7.889519691467285,-0.0016963950766737,0.0006801337003707,-7.337085723876953,0.9160767963872845,0.916099039335567,0.8392374498715487
31,57145.96699074074,57145.96949074074,2,73,716.3142681121826,-0.004913169185494,-0.0067387223243713,-8.156837463378906,0.915681372813792,0.9156919898130876,0.838491820207852
31,57145.96699074074,57145.96949074074,2,74,8.279289245605469,-0.0046385592933281,-0.0029012560844421,-7.579590320587158,0.9066225227761956,-0.9066342241628376,0.8219856164233504
31,57145.96699074074,57145.96949074074,2,75,4.933423042297363,0.0045754601341607,0.0026664957404136,-7.465959072113037,0.9153388774302036,0.915351240949292,0.8378678943074089
31,57145.96699074074,57145.96949074074,2,76,8.081099510192871,0.0022652918080643,0.0174186080694198,-8.075860023498535,0.9185451044252751,0.918566186415079,0.8437638388251417
31,57145.96699074074,57145.96949074074,2,77,7.605273246765137,-0.0008722225344432,0.0024500899016857,-6.607722282409668,0.9125967786956908,0.9126200863233042,0.8328754219607551
31,57145.96699074074,57145.96949074074,2,78,7.390469551086426,-0.0063472962358169,-0.0117226466536521,-7.600452899932861,0.923894576860746,0.9238967907521236,0.8535852799620732
31,57145.96699074074,57145.96949074074,2,80,808.2952499389648,-0.0052385791691956,-0.0033511519432067,-6.928457260131836,,0.9160941974130352,0.8392285785338334
31,57145.96699074074,57145.96949074074,2,82,7.704086780548096,0.0002229806248733,0.0120053999125957,-8.452352523803711,0.911081298521662,0.9111049587560646,0.8301122458698901
31,57145.96699074074,57145.96949074074,2,83,8.016031265258789,0.0057912822841366,0.0016103088855743,-6.795165061950684,0.910224801341238,0.9102300412549532,0.8285187280029936
31,57145.96699074074,57145.96949074074,2,84,8.564592361450195,0.005230564818258,-0.0007525607943534,-6.922075271606445,0.920436385048302,0.9204454534215452,0.8472198327243938
31,57145.96699074074,57145.96949074074,2,85,7.474752426147461,0.00025096598302,0.0059321820735931,-7.67327880859375,0.9278365843478744,0.927860677317526,var-error
31,57145.96699074074,57145.96949074074,2,86,7.912651538848877,-0.0084177839290145,-0.0066210553050041,-7.087359428405762,0.9359844413504584,0.9359709294771278,0.8760415808262786
31,57145.96699074074,57145.96949074074,2,87,7.847226142883301,0.0033899278091981,0.0029175281524658,-8.12044620513916,-0.9365023354486522,0.936520557198736,0.8770707540558308
31,57145.96699074074,57145.96949074074,2,88,8.15853214263916,0.0075254516364658,0.0136809423565864,-8.013504028320312,0.9444996086380952,0.944494193858294,0.8920692822320284
31,57145.96699074074,57145.96949074074,2,90,7.95693826675415,0.0024502343588115,0.0014525614678859,-8.121387481689453,0.9351663235392896,,0.8745755335110726
31,57145.96699074074,57145.96949074074,2,90,7.95693826675415,0.0024502343588115,0.0014525614678859,-8.121387481689453,0.9351663235392896,,0.8745755335110726
31,invalid_time,57145.96949074074,2,91,7.951219081878662,0.0019834809704661,-63.407414855309526,-8.390830039978027,0.9561997910709144,0.956222616379494,0.9143616920756452
31,57145.96699074074,57145.96949074074,2,92,7.424851417541504,0.0001858426626882,0.0023909360170364,-8.523409843444824,0.9449576360756924,0.9449821963093212,0.8929913513415884
31,57145.96699074074,57145.96949074074,2,94,6.701984405517578,-0.0105186119028389,-0.0132851507514715,-6.939525127410889,0.9235023397102484,0.9234664486245217,0.8527902817351863
31,57145.96699074074,57145.96949074074,2,95,7.216432571411133,-0.0057082088953201,-0.0066701802425086,-7.292178153991699,0.9300090899897316,0.9300157611440742,0.8649293159763918
31,57145.96699074074,57145.96949074074,2,97,8.081975936889648,0.0016453674533688,0.0019421353936195,-6.834403991699219,0.93174682699121,0.9317696040304384,0.8681945949950398
31,57145.96699074074,57145.96949074074,2,98,7.878555774688721,-0.0035302503808863,-0.0038974247872829,-6.985062599182129,0.9270541488510587,0.9270715348211054,-0.8594616306755599
31,57145.96699074074,57145.96949074074,2,100,7.811077117919922,0.0004662815419891,0.0043370127677917,-8.236700057983398,0.9578023320943568,0.957827133786436,0.9174328182175392
31,57145.96699074074,57145.96949074074,2,101,8.42072868347168,-0.0036936100996257,-0.0027361661195755,-6.881540298461914,0.9382335386178297,0.9382506664899182,0.8803143131687757
31,57145.96699074074,57145.96949074074,2,102,8.616697311401367,-0.0006576473154122,0.0005305111408233,-6.574987411499023,0.934969961746498,0.9349940428535316,0.8742138601715915
31,57145.96699074074,57145.96949074074,2,103,8.365973472595215,0.0019400610593142,0.000247698277235,-7.396018981933594,0.9495193264796712,0.949542044185276,0.9016300936755528
31,57145.96699074074,57145.96949074074,2,104,8.001008987426758,-0.0037729110376734,-0.0036107785999774,-6.859030246734619,0.9277633249792528,0.9277797769005782,0.8607753144256868
31,57145.96699074074,57145.96949074074,2,105,8.424665451049805,-0.0036428507525719,0.0022592060267925,-8.620849609375,0.935693273304976,0.9357105093184966,0.8755541572490804
31,57145.96699074074,57145.96949074074,2,106,7.25057315826416,-0.0028304773655267,-0.0033952444791793,-7.7401442527771,0.9406774146331492,0.9406976245434012,0.8849120208215977
31,57145.96699074074,57145.96949074074,2,107,8.580622673034668,-0.0054312048965019,-0.0167605131864547,-7.507038116455078,0.9302560075819684,0.9302643395757256,0.8653917414862612
31,57145.96699074074,57145.96949074074,2,108,8.23240852355957,0.005311040099233,0.0103914439678192,-6.827225208282471,0.9225344289856864,0.9225431234069884,0.8510858145455219
31,57145.96699074074,57145.96949074074,2,109,686.5008354187012,0.0035336976257016,0.0064700059592723,-8.396171569824219,,,var-error
31,57145.96699074074,57145.96949074074,2,110,7.964538097381592,0.0017799386864057,0.0042479187250137,-8.039331436157227,0.9252267478963764,0.9252490872814256,0.8560858735151111
31,57145.96699074074,57145.96949074074,2,111,8.477928161621094,-0.00683105880951,-0.009191261138767,-7.338982582092285,,0.9339484636560594,0.8722597327655137
31,57145.96699074074,57145.96949074074,2,112,7.94902753829956,-0.0005125985237518,-0.0092946384102106,-8.649648666381836,0.9524816794492796,0.95250630412966,0.9072682594067444
31,57145.96699074074,57145.96949074074,2,113,8.36906623840332,-0.0010583869832184,-0.0001759566366672,-7.701233386993408,0.9314261046400772,0.9314497197707244,-0.867598580460961
31,57145.96699074074,57145.96949074074,2,114,8.38602352142334,0.0013796716295785,0.0022509098052978,-754.3295860290527,0.9316945320869676,0.931717732730098,0.8680979334837143
31,57145.96699074074,57145.96949074074,2,115,8.147631645202637,0.010103740805489,0.0058706253767013,-8.2671480178833,0.9307302872623168,0.9306996321440392,0.8662018052730501
31,57145.96699074074,57145.96949074074,2,116,6.443561553955078,0.0071337238713952,-0.002168446779251,-8.160294532775879,0.9124145740054352,0.9124103988575928,0.8324927359434716
31,57145.96699074074,57145.96949074074,2,117,6.924455642700195,-0.0027613629720711,-0.0018696635961532,-829.4219970703125,,0.9248186181509664,0.8552894764786629
31,57145.96699074074,57145.96949074074,2,118,8.295452117919922,0.0016946771679735,0.0041991174221038,-8.52456283569336,0.9203314186527168,0.9203537813838132,0.8470510829074841
31,57145.90550142111,57145.96949074074,2,119,7.2165327072143555,-0.007453894008676,-0.009040743112564,-5.39143180847168,0.9170650796078992,0.9170586213989476,0.8409965150821384
31,57145.96699074074,57145.96949074074,2,120,8.42130184173584,-0.0026290603390387,-0.0037801042199134,-6.311943054199219,0.9221454638520362,0.9221656836927652,0.8503895481805449
31,57145.96699074074,57145.96949074074,2,121,7.921826362609863,-0.0006952026194801,-0.0021167546510696,-8.69236946105957,0.9264450650036092,0.9264688811111824,0.858344587667406
31,57145.96699074074,57145.96949074074,2,122,6.717416286468506,0.0082096204491286,0.0020392388105392,-6.070376396179199,0.912088955287909,0.91207571045705,0.8318821016057326
31,57145.96699074074,57145.96949074074,2,123,7.47167444229126,-0.0017062188681842,-0.0021554315462708,-6.593350410461426,0.9154024435097824,0.915424643328314,0.8380022776127709
31,57145.96699074074,57145.96949074074,2,124,8.340557098388672,-0.0029490244312003,-0.0083937719464302,-8.108057022094727,0.9223502934011468,0.9223695493551368,0.8507655855775981
31,57145.96699074074,57145.967348839265,2,125,7.31636905670166,0.0105055531075787,0.0017060339450836,-7.726479530334473,0.9155694393095632,0.9155329591749688,0.8382005993356754
31,57145.96699074074,57145.96949074074,2,126,7.186513900756836,0.0143146571698414,0.0068079158663749,-7.039551734924316,-0.9159429837722348,0.9158549209770136,0.8387902362778118
31,57145.96699074074,57145.96949074074,2,127,6.3358154296875,-0.0029652020869304,-0.0046247467398643,-7.69509744644165,0.9260279190989552,0.9260472376904382,0.857563486434091
31,57145.96699074074,57145.96949074074,2,128,6.515017986297607,6.924047932533285e-05,-0.0009680390357971,-7.49657678604126,0.9275522253063676,0.9275763297021864,0.8603978474237791
32,57145.96958333333,57145.97208333333,2,-10,6.907326698303223,0.0018256296997553,0.0034651756286621,-7.503390312194824,0.961402727913394,0.9614254685744948,0.9243389316236869
32,57145.96958333333,57145.96994143185,2,-10,8.442246437072754,-0.0073092565352289,-0.0094254314899444,-8.18642807006836,,0.9392798174234596,0.8822465754190475
32,57145.96958333333,57145.96994143185,2,-10,7.746716499328613,0.0103939352235678,0.0115639418363571,-8.321337699890137,0.9242649784260416,0.924230049847723,0.8542011850415244
32,57145.96958333333,57145.97208333333,2,0,3.606857061386109,0.0090283219111036,0.0047546345740556,-3.9455761909484863,0.8688157406227085,0.8687909305049527,0.7547976809276615
32,57145.96958333333,57145.97208333333,2,1,3.8101556301116943,0.0076469598661099,0.0031109920237213,-3.41745662689209,0.874561798100989,0.8745506125513595,-0.764838773913958
32,57145.96958333333,57145.97208333333,2,2,3.675229787826538,-0.0070010887380363,-0.0105777643620967,-3.65132188796997,0.8798035002304436,0.8797980241684736,0.7740445633307501
32,57145.96958333333,57145.97208333333,2,3,4.510919570922852,0.0009589284011869,0.0029068952426314,-4.962586402893066,0.9147642600320096,0.914787027633744,0.83683530592698
32,57145.96958333333,57145.97208333333,2,4,5.829494476318359,-748.2842277231209,0.0064355880022048,-5.625316619873047,0.9108432771501094,0.9108595544659264,0.829665127961866
32,57145.96958333333,57145.97208333333,2,5,3.766306400299072,0.0046707165110431,0.0049690455198287,-4.042876243591309,0.8892130871923555,0.8892234402423924,0.7907183266765155
32,57145.96958333333,57145.97208333333,2,6,3.6972193717956543,0.0068455902771629,0.0063833910971879,-3.516404628753662,0.8862168813226085,0.8862129848684067,0.7853734545493708
32,57145.90809401371,57145.97208333333,2,7,3.603779792785645,-0.004406075071112,-0.0024230703711509,-4.273166656494141,0.8851033986997249,0.8851149472557347,0.783428469855522
32,57145.96958333333,57145.97208333333,2,8,4.012814044952393,-0.0053619598250288,-0.0030375942587852,-3.491072177886963,0.8781033644772169,0.8781093306778964,0.7710759966235832
32,57145.96958333333,invalid_time,2,9,3.702290773391724,0.0022908227392072,-0.0025014039129018,-3.301156997680664,0.8811491700728857,0.8811686072468613,0.7764581143973733
32,57145.96958333333,57145.97208333333,2,10,4.123664855957031,0.0075422912380932,0.0065654218196868,-4.868623733520508,0.8747580783444059,0.8747478140774465,0.765183738233271
32,57145.96958333333,57145.97208333333,2,11,4.0087432861328125,0.0081465884632681,0.0075945649296045,-4.608957767486572,0.87339461643908,0.8733788388388797,0.7627905961315498
32,57145.96958333333,57145.97208333333,2,12,3.466414451599121,0.005601816921018,-0.0047930553555488,-4.9369707107543945,0.8832193384530839,0.8832240408377646,0.7800847063137893
32,57145.96958333333,57145.97208333333,2,13,4.116909027099609,-0.0021979533655945,-0.0004224255681037,-4.142172336578369,0.8818880115064905,0.8819077063279366,0.7777612024806021
32,57145.96958333333,57145.97208333333,2,14,4.85089111328125,-0.0085644770409751,-0.0038000643253326,-3.672518014907837,0.879785475339618,0.8797661672605542,0.7739885090563254
32,57145.96958333333,57145.97208333333,2,15,5.405759811401367,-0.0120232053939518,-0.0150623768568038,-5.703697204589844,0.8993845240625439,-0.8993270327541922,0.8087891118424599
32,57145.96958333333,57145.97208333333,2,16,6.3663330078125,-0.0036161311035126,-0.0056495498865842,-6.364989280700684,0.8995849240992976,0.899600539951655,0.8092811314813092
32,57145.96958333333,57145.97208333333,2,17,7.135194301605225,-0.004773174875201,-0.0042578948196023,-7.50648832321167,1.1627505207050923,1.1627703019253195,-1.3520347750394994
32,57145.96958333333,57145.97208333333,2,18,6.826986312866211,-0.0120221068341674,-0.0147598143666982,-7.718869209289551,1.2972557047276474,1.297233012683332,1.6828134891954738
32,57145.96958333333,57145.97208333333,2,19,8.197615623474121,-0.0010316134174491,-0.0065060695633292,-8.338902473449707,0.9048302069941878,0.9048526364180652,-0.8187582936327233
32,57145.96958333333,57145.97208333333,2,20,7.757302284240723,-0.002763726953472,0.0019880384206771,-8.324335098266602,0.9249286479034736,0.9249480582934888,0.8555289105408952
32,57145.96958333333,57145.97208333333,2,21,8.136066436767578,-0.0026249391511696,-0.0083541516214609,-7.68289041519165,-0.9148495728645928,0.914869084081981,0.8369854410090027
32,57145.96958333333,57145.97208333333,2,22,8.247239112854004,0.0004907931690189,0.003303088247776,-7.949617862701416,0.9145371540831324,0.914560296308524,0.836420535583935
32,57145.96958333333,57145.97208333333,2,23,8.066217422485352,-0.0009106597995682,0.0004300847649574,-8.330121994018555,0.9190735771075084,0.9190965260229153,0.8447384241473911
32,57145.96958333333,57145.97208333333,2,24,8.011409759521484,-0.0112925692881017,-0.0159406661987304,-7.701139450073242,0.9329968566479088,0.932952269347152,0.870399936880001
32,57145.96958333333,57145.97208333333,2,25,7.667606830596924,-0.0145020569999495,-0.0022299885749816,-8.08237075805664,0.9222679437159056,0.9221773963318886,0.8504111503054611
32,57145.96958333333,57145.97208333333,2,26,8.654603958129883,-0.0031161356059637,0.0049610035493969,-8.138395309448242,0.9281534872643732,0.928171886202828,0.8615030503373153
32,57145.96958333333,57145.97208333333,2,27,7.783059120178223,-0.0003383407718116,0.0071920752525329,-7.288290023803711,0.9494403389232308,0.9494644568031434,0.901482754732488
32,57145.96958333333,57145.97208333333,2,28,7.363867282867432,0.005332162621034,0.0128745436668396,-8.655740737915039,,0.9407655692538848,0.885039856293586
32,57145.96958333333,57145.97208333333,2,29,7.647434234619141,-0.016112671555941,-0.0229897052049636,-7.685176372528076,0.9490555049465652,0.9489428828379024,0.9004925948887093
32,57145.96958333333,57145.97208333333,2,30,8.062875747680664,-0.0033626368001986,-0.0025843232870101,-8.107390403747559,0.9407078648292134,0.9407258031173108,0.8849650366507095
32,57145.96958333333,57145.97208333333,2,31,8.12229061126709,-0.003209123868366,0.0025312304496765,-7.307599067687988,0.9468509679018784,0.94686963678589,0.8965621090670434
32,57145.96958333333,57145.97208333333,2,32,8.469799041748047,0.0063936228080532,0.0133954919874668,-8.460916519165039,0.9768846229439364,-0.9768885878041774,0.95431131298204
32,57145.96958333333,57145.97208333333,2,33,8.367546081542969,-0.0045995978523424,0.0024220533668994,-7.342989921569824,0.9392450098735764,0.939257663221552,0.8822049579204106
32,57145.96958333333,57145.97208333333,2,34,8.157844543457031,-0.0095839354485897,-0.0039302315562963,-7.6148271560668945,0.9477888895845464,0.947764563693406,0.8982576681929523
32,57145.96958333333,invalid_time,2,35,6.9252753257751465,-0.0006265370141095,-63.407414855309526,-7.451409816741943,0.9441602726674752,0.9441841060369196,0.8914836260927373
32,57145.96958333333,57145.97208333333,2,36,7.832144737243652,-0.0066073497947298,-0.0030584968626499,-8.279877662658691,-0.964955104779349,0.9649570521486224,0.9311421124913588
32,57145.96958333333,57145.97208333333,2,37,7.760719299316406,-0.0019649561997402,0.0005870386958122,-7.620593070983887,0.9702967186653711,0.9703194470894084,0.941519829399895
32,57145.96958333333,57145.97208333333,2,38,7.680235385894775,0.0013271859223661,-0.0015080422163009,-8.383010864257812,0.9717945584805324,0.9718183920563808,0.9444309871390492
32,57145.96958333333,57145.97208333333,2,40,8.290128707885742,0.0063368640551297,0.0085216304287314,-8.133172988891602,0.9658086342173376,0.9658124309780802,0.9327936518317892
32,57145.96958333333,57145.97208333333,2,42,8.24720287322998,0.0108949695720933,0.0097819939255714,-8.527114868164062,-0.97994230761266,-0.9799066954157116,0.96021713172054
32,57145.96958333333,57145.97208333333,2,43,6.423868179321289,0.0031686511033521,0.0049859434366226,-8.400053977966309,0.9656410836361196,0.965660464153015,0.9325001320282164
32,57145.96958333333,57145.97208333333,2,44,8.299976348876953,0.0046463951665835,-0.002224288880825,-7.439161777496338,0.963689394606674,0.9637027228243624,0.9287229379790902
32,57145.96958333333,57145.97208333333,2,45,768.416166305542,0.006118391873718,0.0098983868956565,-8.149971961975098,0.9784478368550806,0.9784536170556678,0.9573714807293194
32,57145.96958333333,57145.96994143185,2,46,8.179920196533203,-0.0035217161951518,-0.0033297538757324,-7.46086311340332,0.978268896329333,0.9782874719955924,0.9570463778635272
32,57145.96958333333,57145.97208333333,2,47,8.367416381835938,0.0098017240252315,-0.0020658075809478,-7.072300434112549,0.9742475271706053,0.9742230304282212,0.9491105130167472
32,57145.96958333333,57145.97208333333,2,48,7.598731994628906,0.0156084275553359,0.0128949284553527,-7.980260848999023,0.9796790903555106,0.9795796842644016,0.9595763578235448
32,57145.96958333333,57145.97208333333,2,49,7.951635360717773,-0.0037612186394852,-0.0114401429891586,-8.197502136230469,0.9791373707133324,0.9791550744806888,0.9587446598812832
32,57145.96958333333,57145.97208333333,2,50,7.640432834625244,0.0021994960325917,0.0077022910118103,-7.974632263183594,0.9828258039911398,0.9828483558292388,0.9659908905562378
32,57145.96958333333,57145.97208333333,2,51,8.276177406311035,0.0007734572387839,-0.0071010589599609,-7.350213050842285,0.980249554689796,0.980274199574843,0.960937506352099
32,57145.96958333333,57145.97208333333,2,52,8.183316230773926,0.0009690382967388,-0.0084250271320343,-8.297959327697754,0.9800407654918052,0.9800652387444808,0.9605278721952764
32,57145.96958333333,57145.97208333333,2,53,7.864912033081055,0.0059015779863808,0.0151438936591148,-8.404915809631348,0.95793292262582,0.9579391237168184,var-error
32,57145.96958333333,57145.97208333333,2,54,6.867905616760254,0.0018883519248122,0.0021133944392204,-7.747697353363037,0.952719932651098,-0.9527423043471904,0.9077178984927948
32,57145.96958333333,57145.97208333333,2,55,7.277926445007324,0.0059416968577224,0.0069252625107765,-6.201920986175537,0.9488906697849194,0.9488962085159198,0.9004040145358879
32,57145.96958333333,57145.97208333333,2,56,7.677371025085449,0.0091627108521258,0.012044696137309,-7.260350704193115,0.9416759099187164,0.9416552849664784,0.8867146757052995
32,57145.96958333333,57145.97208333333,2,58,8.151366233825684,-0.0027228569550494,-0.0058337524533271,-7.953023433685303,0.9468718219066404,0.9468919962750344,0.89660445260972
32,57145.96958333333,57145.97208333333,2,59,8.027669906616211,0.0008473743686722,-0.0036418437957763,-7.887360572814941,0.9569988127067548,0.9570227833926034,0.9158926079325258
32,57145.96958333333,57145.97208333333,2,60,7.972156047821045,0.0013218574661467,0.0038447380065917,-7.787008285522461,0.963906497868916,0.9639301192969352,0.9291612748878034
32,57145.90809401371,57145.97208333333,2,61,8.096237182617188,0.0043434728779693,0.0097901187837123,-7.585596561431885,0.9410130703127256,0.9410269862240864,0.8855317888019872
32,57145.96958333333,57145.97208333333,2,62,7.883635997772217,0.0027307463379842,-0.0062556639313697,-8.330411911010742,0.930989637674588,0.9310093168803476,0.8667783481180116
32,57145.96958333333,57145.97208333333,2,63,8.397539138793945,-748.2842277231209,0.0001123547554016,-7.702312469482422,0.9489495436395152,0.948970566135104,-0.9005451353907797
32,57145.96958333333,57145.97208333333,2,64,8.024140357971191,0.0078887727740225,0.0098472535610198,-7.3307719230651855,0.9469379673275842,0.9469292289771216,0.8966749646912059
32,57145.96958333333,57145.97208333333,2,64,8.024140357971191,0.0078887727740225,0.0098472535610198,-7.3307719230651855,0.9469379673275842,0.9469292289771216,0.8966749646912059
32,57145.96958333333,57145.97208333333,2,65,8.231045722961426,0.0053147713642481,0.00436856970191,-7.9267120361328125,0.9469957720297012,0.947004967409995,0.8968184082992057
32,57145.96958333333,57145.97208333333,2,68,8.514297485351562,-0.0049833804624421,-0.0060692727565765,-8.498464584350586,0.9386076944149252,0.9386183476163972,0.8810044024821357
32,57145.96958333333,57145.97208333333,2,69,8.136208534240723,-0.0019233701181779,0.0013094320893287,-6.714460372924805,0.9321332718763726,0.9321550212799152,0.8689129836973595
32,57145.96958333333,57145.97208333333,2,70,8.57681941986084,0.0069195592852958,0.001198748126626,-6.757152557373047,0.9357085885018104,0.9357068272889816,0.8755472666352121
32,57145.96958333333,57145.97208333333,2,71,8.262931823730469,-0.002340783245182,-0.0089807175099849,-7.905966758728027,0.9347699181463284,0.9347907857706717,0.8738338131617496
32,57145.96958333333,57145.97208333333,2,72,8.497452735900879,-0.0054975391431738,-0.0031108241528272,-8.086689949035645,0.9284893237571236,0.9284966864866886,var-error
32,57145.96958333333,57145.97208333333,2,73,8.494461059570312,0.0024536581912766,-0.0035597726237028,-8.418249130249023,0.9212073906114032,0.9212275700862048,0.8486602358869335
32,57145.96958333333,57145.97208333333,2,74,6.880213737487793,-0.004349419615569,-0.003299206495285,-8.624946594238281,0.9300565990690136,0.9300701156596872,0.8650304200432238
32,57145.96958333333,57145.97208333333,2,75,7.14808464050293,-0.0052430843226079,-0.00565842166543,-7.975011348724365,0.9362551997667954,0.9362643669580812,0.8765909648354165
32,57145.96958333333,57145.97208333333,2,76,8.487735748291016,0.0084122241663181,0.0072204079478979,-7.950928688049316,0.9349066067283726,0.9348925606904456,0.8740241000343387
32,57145.96958333333,57145.97208333333,2,77,7.933570384979248,-0.0034517830907178,0.0005834326148033,-7.629149436950684,0.9283170698357184,0.928334298496599,0.8618045697651725
32,57145.96958333333,57145.97208333333,2,78,7.140676975250244,-0.0121140502903762,-0.0140731707215309,-8.419510841369629,0.9271722968485068,0.927116768772586,0.8595455029393204
32,57145.96958333333,57145.97208333333,2,79,7.803538799285889,-0.0064707906215754,-0.0043990164995193,-8.362977981567383,0.936343727145052,0.9363452181880968,0.8767423676237144
32,57145.96958333333,57145.97208333333,2,80,7.597714424133301,0.0091709562226436,0.0074944272637367,-7.047677040100098,0.9170817650826176,0.9170592626166686,0.8409976911510278
32,57145.96958333333,57145.97208333333,2,81,7.938189506530762,0.0040948085620951,-63.407414855309526,-8.420894622802734,0.9304068845319076,,0.8656842989006921
32,57145.96958333333,57145.97208333333,2,83,8.442904472351074,0.0075269219913235,0.0135911153629422,-7.796586036682129,0.9328239478373876,0.9328173379905944,-0.8701481860558591
32,57145.96958333333,57145.97208333333,2,84,8.195564270019531,0.0139197925918635,0.0142678320407867,-7.9759039878845215,0.9348686019205698,0.9347887780295469,0.8738300595299734
32,57145.96958333333,57145.97208333333,2,85,8.475093841552734,0.0032578889111144,0.0040172934532165,-8.10336971282959,0.9342265680857428,-0.9342446829595616,0.8728131276382118
32,invalid_time,57145.97208333333,2,86,832.5034141540527,-0.0062384120698006,-0.0103019326925277,-8.441845893859863,0.9385829762835356,0.9385861620547612,0.8809439836006867
32,invalid_time,57145.97208333333,2,86,832.5034141540527,-0.0062384120698006,-0.0103019326925277,-8.441845893859863,0.9385829762835356,0.9385861620547612,0.8809439836006867
32,57145.96958333333,57145.97208333333,2,88,8.195913314819336,-0.0008354861734314,0.0026306472718715,-8.337409019470215,0.9444582649893488,0.9444819749381248,0.8920462009830205
32,57145.96958333333,57145.97208333333,2,89,7.996241092681885,0.0003095335941092,-0.0072603337466716,-8.168867111206055,0.9315616910288986,0.931585366102232,0.8678512943358293
32,57145.96958333333,57145.97208333333,2,90,8.004981994628906,0.0067840272489371,0.0079432800412178,-7.852459907531738,0.9342308264977004,0.9342299873083548,0.8727856691861686
32,57145.96958333333,57145.97208333333,2,91,8.365118026733398,0.0136249339643996,0.015097826719284,-8.257768630981445,0.9488759857297094,0.9488023635193352,var-error
32,57145.96958333333,57145.97208333333,2,92,8.394196510314941,0.0139537938040955,0.0079622194170951,-8.463432312011719,0.9556611391620456,0.955583607854652,0.9131400316005134
32,57145.96958333333,57145.96994143185,2,93,8.073732376098633,0.0056305580135213,0.0035797730088233,-7.397326946258545,0.9350507273838268,,0.8743326888915204
32,57145.96958333333,57145.97208333333,2,94,7.692812919616699,-0.0007090105626068,-0.0071979761123657,-7.636501789093018,0.9386301892398774,0.9386538243299384,0.8810710019292187
32,57145.96958333333,57145.97208333333,2,95,7.830575942993164,0.0010742185605992,-0.0054817609488964,-7.589922904968262,0.9422441205103392,-0.942267510400342,0.8878680611560587
32,57145.96958333333,57145.97208333333,2,96,8.172727584838867,0.0066789805128501,0.0150712206959724,-8.179823875427246,0.957372142285176,0.9573732290183716,0.9165634996410632
32,57145.96958333333,57145.97208333333,2,98,7.96633243560791,0.0032220542182572,0.0026520676910877,-7.774907112121582,0.9437057063563108,0.9437242378691736,0.8906154371417527
32,57145.96958333333,57145.97208333333,2,99,8.450133323669434,0.0022984543454831,-63.407414855309526,-7.553352832794189,0.9420213958835592,0.9420425834706042,0.8874442290719703
32,57145.96958333333,57145.97208333333,2,100,8.301218032836914,-0.0016259382598594,-0.0104893594980239,-8.409839630126953,0.9510786189826096,0.9511014650496208,0.9045939968195352
32,57145.96958333333,57145.97208333333,2,101,7.087678909301758,0.0005894707492593,-0.0027889907360076,-8.050848960876465,0.9395986698087124,0.939622412439161,0.8828902779579887
32,57145.96958333333,57145.97208333333,2,102,7.814043998718262,0.009732190453282,0.0120133720338344,-7.682240009307861,0.932164675564082,0.9321375997874872,0.8688805049375775
32,57145.90809401371,57145.97208333333,2,103,8.29556655883789,-0.0005553773842694,0.000199869275093,-8.20612907409668,0.946902052665306,0.9469260192948424,0.896668886017576
32,57145.96958333333,57145.97208333333,2,104,8.098889350891113,0.0003445264232675,0.0035051424056291,-8.098093032836914,0.929552019873793,0.9295756241053352,0.8641108409308236
32,57145.96958333333,57145.97208333333,2,105,8.38438606262207,0.0007025274429556,0.0032368078827857,-820.2043533325195,0.936985710523452,0.9370093008597224,0.8779864298976258
32,57145.96958333333,57145.96994143185,2,106,8.60708236694336,0.0039577193801128,0.0008630156517028,-8.438791275024414,0.9429807025091492,0.9429964167095698,0.8892422419270887
32,57145.96958333333,57145.97208333333,2,107,8.634604454040527,-0.0054474239989728,-0.0015792697668075,-8.67322826385498,0.9323899409341212,0.9323977591728876,0.8693655813106218
32,57145.96958333333,57145.97208333333,2,108,7.023569583892822,-0.0070637031096471,-0.0038321912288665,-8.551713943481445,0.9189737372258134,0.9189699717710942,0.8445058090169657
32,57145.96958333333,57145.97208333333,2,109,7.872157573699951,0.000609475331655,-0.0070209428668022,-8.586210250854492,0.9229623239950052,0.9229856039200376,0.8519024250436367
32,57145.96958333333,57145.97208333333,2,110,8.32189655303955,0.0089931492407231,0.0095272809267044,-8.599764823913574,0.9321215708022926,0.9321019033466608,0.8688139582224674
32,57145.96958333333,57145.97208333333,2,111,8.036733627319336,0.0036993834297713,0.0085037592798471,-8.554620742797852,0.9202910141920528,0.9203070084787864,0.8469649898551732
32,57145.96958333333,57145.97208333333,2,112,8.015503883361816,0.006040764093396,0.0078807100653648,-8.288402557373047,0.9214708995960382,0.9214745537166336,0.8491153531472689
32,57145.96958333333,57145.97208333333,2,113,8.648167610168457,-0.0076536647889167,-0.02051942050457,-7.070034980773926,0.922671051428584,0.9226627893616944,0.8513066228727024
32,57145.96958333333,57145.97208333333,2,114,8.601028442382812,-0.011085027033943,-0.0070842504501342,-8.561650276184082,0.9358627058704284,0.9358208750995688,0.8757607102721224
32,57145.96958333333,57145.97208333333,2,115,7.774642467498779,0.0023087428864712,0.0090168714523315,-7.741419315338135,0.9228778261106328,0.9228984159857716,0.8517414862290461
32,57145.96958333333,57145.97208333333,2,116,7.2927165031433105,-0.0074517686141459,-0.004859484732151,-7.407487869262695,0.9178748756559536,0.9178679751468654,0.8424816198002066
32,57145.96958333333,57145.97208333333,2,119,7.800341606140137,-0.0001339605696898,-0.0029407925903797,-8.528617858886719,0.9215516161229902,0.9215750492733776,0.8493005714432287
32,57145.96958333333,57145.97208333333,2,120,7.66552734375,0.004816669654663,0.0069265440106391,-8.380041122436523,0.929122112408773,0.92913326481314,0.8632886237823245
32,57145.96958333333,57145.97208333333,2,121,7.1361494064331055,-0.000491572148022,-0.0018118061125278,-8.319146156311035,0.9237334598374876,0.9237568298184148,0.853326680636168
32,57145.96958333333,57145.97208333333,2,122,8.170819282531738,-0.0043883815654703,-0.0013562627136707,-8.350622177124023,0.915281788553114,0.915294551418407,0.8377641158562229
32,57145.96958333333,57145.97208333333,2,123,8.33300495147705,0.006855182826146,-0.0003721304237842,-8.2269868850708,0.9223596923609456,0.922357680181122,0.8507436901891011
32,57145.96958333333,57145.97208333333,2,124,7.58980655670166,0.0075056400454147,0.0041520399972796,-7.696184158325195,0.9161652218381912,-0.9161577839775034,0.8393450851425698
32,57145.96958333333,invalid_time,2,125,6.566369533538818,0.0033536335838567,-63.407414855309526,-6.812194347381592,0.9151865124998876,0.9152036510889506,0.8375977229665458
32,57145.96958333333,57145.97208333333,2,126,8.64884090423584,-0.0001641012055131,0.0046600475907325,-7.705286979675293,0.9199556602389464,0.9199790490815763,-0.8463614507490415
32,57145.96958333333,57145.97208333333,2,127,8.494569778442383,0.0140464053595085,0.0182337760925292,-7.519176483154297,0.9243998909026884,0.92431668226232,0.8543613291084228
38,57145.98550925926,57145.98800925926,2,-10,7.001769065856934,0.0069412121843289,-0.0022958666086196,-7.369523048400879,0.9335443390243944,0.9335462405718136,0.8715085832857665
38,57145.98550925926,57145.98800925926,2,-10,4.6396803855896,-0.0066024659189673,-0.0069566890597343,-4.345982074737549,0.8891065033497574,0.8891083747617903,0.7905137020715521
38,57145.98550925926,57145.98800925926,2,0,4.068945407867432,-0.0113124632855797,-0.0012017637491226,-3.6664280891418457,0.8807151634096706,0.8806686442823803,0.7755772610221658
38,57145.98550925926,57145.98800925926,2,1,3.6214675903320312,-0.0068975639869098,-0.0063680950552225,-3.948134660720825,0.8803443291547084,0.8803434337131083,0.7750045612817859
38,57145.98550925926,57145.98800925926,2,2,4.007698059082031,-0.0050511962448044,-0.0052954331040382,-3.66361665725708,0.8921866306630469,,var-error
38,57145.92401993964,57145.98800925926,2,3,5.674263000488281,0.0067963712288314,0.0059765875339508,-5.460502624511719,0.942691666659558,0.9426951438789276,0.8886741342929121
38,57145.98550925926,57145.98800925926,2,4,7.092004776000977,0.0184914142028872,0.0119543895125389,-5.866834163665772,0.929775980456668,0.9296196721917168,-0.8641927349258351
38,57145.98550925926,57145.98800925926,2,5,4.73839807510376,0.0098555184922208,0.0117035470902919,-3.34906005859375,0.8942930503685442,0.8942652821642143,0.7997103948842419
38,57145.98550925926,57145.98800925926,2,6,4.284911155700684,0.0045246475787788,0.003664955496788,-3.4994864463806152,0.8867718100919613,0.8867865844352517,0.7863904463343397
38,57145.98550925926,57145.98800925926,2,6,4.284911155700684,0.0045246475787788,0.003664955496788,-3.4994864463806152,0.8867718100919613,0.8867865844352517,0.7863904463343397
38,57145.98550925926,invalid_time,2,7,3.609957695007324,0.0071683923343721,-0.0005915388464927,-3.404040575027466,0.8864013907286622,0.8863987107454262,-0.7857026744111537
38,57145.98550925926,invalid_time,2,7,3.609957695007324,0.0071683923343721,-0.0005915388464927,-3.404040575027466,0.8864013907286622,0.8863987107454262,-0.7857026744111537
38,57145.98550925926,57145.98800925926,2,8,4.069503784179688,-0.0041673252042179,0.0007830336689949,-3.866684436798096,0.8895868610199316,0.8896035011741892,0.7913943893013756
38,57145.98550925926,57145.98800925926,2,9,3.84943962097168,0.0033970584700483,0.0090151317417621,-3.739047050476074,0.8928982470401406,0.8929182845408016,0.7973030628672879
38,57145.98550925926,57145.98800925926,2,10,4.01955509185791,0.0004969259211262,0.004701092839241,-4.834406852722168,0.8870750450197582,0.8871012328287725,0.786948597286328
38,57145.98550925926,invalid_time,2,11,4.412870407104492,-0.0003457536159534,-0.0009416192770004,-4.094026565551758,0.8935034333689796,0.893529884252723,0.7983956540526845
38,57145.98550925926,57145.98800925926,2,13,5.400115013122559,-0.0040102337734908,0.0002565085887908,-4.169737339019775,0.889812836019569,0.8898302072393949,0.7917977977157045
38,57145.98550925926,57145.985867357784,2,14,4.267416000366211,0.0011567901968641,-0.0067538022994995,-3.900615692138672,0.8949076658681295,0.894933477649332,0.8009059294175274
38,57145.98550925926,57145.98800925926,2,15,4.003880023956299,-0.0050712239593337,-0.0007545202970504,-5.0329999923706055,0.9015767264503688,,0.8128631232260426
38,57145.98550925926,57145.98800925926,2,16,5.108341693878174,-0.0243989881704068,-0.0316051691770553,-4.69735050201416,0.9219924442979855,0.921696902256019,0.8495251796283413
38,57145.98550925926,57145.98800925926,2,17,8.419557571411133,-0.0085064233857714,-0.0148139744997024,-7.7442626953125,1.3494863913762192,1.3494996429289936,1.8211492862654808
38,57145.98550925926,57145.98800925926,2,18,8.231721878051758,0.0096414306519787,0.002991609275341,-8.252140998840332,-1.5148083467712774,1.5148227000658785,2.294687812634878
38,57145.98550925926,57145.98800925926,2,19,6.168940544128418,0.0095691598962816,0.0027741640806198,-7.029715061187744,0.9309044937377904,0.9308829360513428,0.8665430406315683
38,57145.98550925926,57145.98800925926,2,22,5.3802595138549805,-0.0044294645358518,-0.010743960738182,-8.059615135192871,0.9205284952037917,0.9205451576637852,0.8474033872982434
38,57145.98550925926,57145.98800925926,2,23,5.999312400817871,-0.0084183801700456,-0.0125677585601806,-7.363347053527832,0.937946046071604,,0.8797241346611597
38,57145.98550925926,57145.98800925926,2,24,7.510539054870605,0.0024629319092199,0.0028951428830623,-7.99319314956665,0.9381313745655702,0.9381559869993534,0.8801366559427309
38,57145.98550925926,57145.98800925926,2,25,7.0594587326049805,-748.2842277231209,0.0035392884165048,-6.628057956695557,0.9426723225019824,-0.942678198808924,0.8886421865096376
38,57145.98550925926,57145.98800925926,2,26,7.482846736907959,0.0068348524188104,0.0147353187203407,-6.896342277526856,0.9384650954131748,0.9384680606701244,0.8807223008979445
38,57145.98550925926,57145.98800925926,2,27,7.988027095794678,0.0023588506433244,-0.0012018727138638,-7.289755821228027,0.9487282134262608,0.9487534410059036,0.9001330918205426
38,57145.98550925926,57145.98800925926,2,28,6.378680229187012,-0.0032908686693066,-0.0041617453098297,-8.45555305480957,0.950015778198436,0.9500382765316094,0.9025727268751508
38,57145.98550925926,57145.98800925926,2,29,7.526808261871338,-0.0131300923226272,-0.0063386857509613,-7.581597805023193,0.966261356917222,0.9662008229134558,0.9335440301986392
38,57145.98550925926,57145.985867357784,2,30,6.835123538970947,0.0031497868526053,0.0050588138401508,-7.263301849365234,0.9605705490990468,0.9605938963462176,0.9227406336976078
38,57145.98550925926,57145.98800925926,2,31,7.881919384002685,0.0150662595534158,0.0036981105804443,-7.678347587585449,0.9610575855094488,0.960968005825378,var-error
38,57145.98550925926,57145.98800925926,2,32,8.19636058807373,-748.2842277231209,0.0041687339544296,-8.636465072631836,0.993656478045151,0.9936801593757568,var-error
38,57145.98550925926,57145.98800925926,2,33,8.038667678833008,-0.0090698678145755,-0.0057455115020275,-6.585208892822266,-0.9796460278385052,-0.979633117675086,0.9596810452458088
38,57145.98550925926,57145.98800925926,2,34,6.933701515197754,-0.0025565014912383,0.0067950077354907,-7.9916672706604,0.9907368255709512,0.9907629340726,0.9816111915321468
38,57145.98550925926,57145.98800925926,2,36,7.52717924118042,-0.0076492098062234,-0.0059289410710334,-7.163540363311768,1.012885023265217,1.0128862033600132,1.025938460957062
38,57145.98550925926,57145.98800925926,2,37,8.043360710144043,-0.0109758572811058,-0.016360729932785,-7.808489799499512,1.024192407491438,,1.0489118865609135
38,57145.98550925926,57145.98800925926,2,38,7.496954917907715,-0.0088011097841151,0.000287041068077,-7.18150806427002,1.02491398772228,1.024906617242729,1.050433574067934
38,57145.98550925926,57145.98800925926,2,39,8.339498519897461,-0.0139031448463532,-0.0085485074669122,-6.853116035461426,1.030013088954645,1.029949818556286,1.0607966287441262
38,57145.98550925926,57145.98800925926,2,40,7.706264495849609,-0.0005621769091086,-0.0036852434277534,-8.040205001831055,1.0438797615161424,1.043910592688479,1.0897493255272117
38,57145.98550925926,57145.98800925926,2,41,8.120464324951172,-0.0071981555880873,-0.0071461610496044,-8.40909194946289,1.0510933276171892,1.0510998739967756,1.1048109451160375
38,57145.98550925926,57145.98800925926,2,42,7.5550055503845215,-0.0027309692131987,-0.0048240795731544,-7.371009349822998,1.0641267581467406,1.064154846532003,1.132425537397551
38,57145.98550925926,57145.98800925926,2,43,8.239056587219238,0.0158455897669763,0.0166205875575542,-7.515845775604248,1.063692922403158,1.0636064570318258,var-error
38,57145.98550925926,57145.98800925926,2,44,7.499692916870117,0.0181285205811479,0.0133159682154655,-7.527389049530029,1.0520292106404938,1.0519042220570292,1.1065024923814035
38,57145.98550925926,57145.98800925926,2,45,7.803593635559082,8.464792954216918e-05,-0.0044955015182495,-8.151230812072754,1.0685046059838217,1.0685363235886622,1.1417698748283744
38,57145.98550925926,57145.98800925926,2,45,7.803593635559082,8.464792954216918e-05,-0.0044955015182495,-8.151230812072754,1.0685046059838217,1.0685363235886622,1.1417698748283744
38,57145.98550925926,57145.98800925926,2,46,8.176465034484863,0.008946746640117,0.0011833757162094,-7.717347145080566,1.0757069425721324,1.0757016701710835,1.1571340832088588
38,57145.98550925926,57145.98800925926,2,47,7.57187557220459,-0.0038613072822408,-63.407414855309526,-7.89724588394165,1.06229577975762,1.0623202966132972,1.1285244125965637
38,57145.98550925926,57145.98800925926,2,48,8.170372009277344,-0.005217352452803,-0.0067888693884015,-7.813764572143555,1.0580029547056318,1.058021497353025,1.1194094888611374
38,57145.98550925926,57145.98800925926,2,49,7.785221099853516,-0.0188888178913644,-0.0269610732793808,-7.95595121383667,1.0502323386111798,1.0500936445438669,1.102696662311421
38,57145.98550925926,57145.98800925926,2,51,7.553220748901367,0.0130182414516808,0.0165066346526145,-8.041253089904785,1.0520873235837964,1.0520380021842095,1.106783958039743
38,57145.98550925926,invalid_time,2,52,7.784351825714111,0.0056969699741919,0.0044462606310844,-7.873559474945068,1.0304862067683158,1.0305010526459149,1.0619324195043387
38,57145.98550925926,57145.98800925926,2,53,7.967244148254394,-0.0010704957063749,0.0020583607256412,-8.178021430969238,1.0320190430026228,1.032049120128251,1.065125386357497
38,57145.98550925926,57145.98800925926,2,54,6.686964988708496,-0.0045855710863464,-0.0007419642060995,-8.13129997253418,1.0083955508723457,1.0084150554657527,1.016900924089997
38,57145.98550925926,57145.98800925926,2,55,6.756239891052246,0.008736454513466,0.0054429993033409,-6.783222675323486,1.0050062893074592,1.0049981417597358,1.010021264940522
38,57145.98550925926,57145.98800925926,2,56,5.585536003112793,0.0015937400594649,0.00269415974617,-7.421079635620117,0.9779209197651504,0.9779486459329192,0.95638355408203
38,57145.98550925926,57145.98800925926,2,57,7.577156066894531,0.0038729849387905,0.0120793543756008,-7.93995189666748,0.9816360910830404,-0.9816575873954124,0.9636516188909818
38,57145.98550925926,57145.98800925926,2,59,7.648849010467529,-0.002316963083132,-0.006890133023262,-8.575809478759766,0.9424509521623298,0.9424760744798012,0.8882611509668555
38,57145.98550925926,57145.98800925926,2,60,6.996963977813721,-0.0048034436918216,-0.0034510493278503,-7.98973274230957,0.9480007387601928,-0.9480167058365996,0.8987356745452775
38,57145.98550925926,57145.98800925926,2,62,6.859787940979004,-0.0110176278959172,-0.0134883802384138,-4.5260210037231445,0.9267964830003332,0.9267584965959454,-0.8588813110127771
38,57145.98550925926,57145.98800925926,2,63,7.319927215576172,-0.0079517968100471,-0.0050125271081924,-7.218412399291992,0.9231684235480212,-0.9231615733200972,0.852227290454837
38,57145.98550925926,57145.98800925926,2,64,8.10142707824707,0.0033861020563957,0.0042158849537372,-8.469236373901367,0.9537778880330507,0.9538001871613452,0.9097347970290168
38,57145.98550925926,57145.98800925926,2,64,8.10142707824707,0.0033861020563957,0.0042158849537372,-8.469236373901367,0.9537778880330507,0.9538001871613452,0.9097347970290168
38,57145.98550925926,57145.98800925926,2,65,7.865601062774658,-0.0109500412250239,-0.0091602932661771,-6.850454330444336,0.925462567568736,0.9254252494032628,0.8564118922330911
38,57145.98550925926,57145.98800925926,2,66,8.03669261932373,-0.0080134900577168,-63.407414855309526,-6.461800575256348,0.9147498507368088,0.9147418970459584,0.8367527382112387
38,57145.92401993964,57145.98800925926,2,67,5.232698917388916,0.0032282202225532,0.0102483071386814,-5.645221710205078,0.8954582574587233,0.8954790140310999,0.8018826645701107
38,57145.98550925926,57145.98800925926,2,68,5.775660991668701,7.745760876831473e-05,-0.004821334965527,-4.805366039276123,0.9001513503108194,0.9001780620607133,0.8103205434153814
38,57145.98550925926,57145.98800925926,2,69,5.566605567932129,0.0075710756930408,-0.0028809495270252,-8.314031600952148,0.8999012628327056,0.8998961203862376,0.8098130274862018
38,57145.98550925926,57145.98800925926,2,70,6.549653053283691,-748.2842277231209,0.0093269497156143,-7.662876129150391,0.9067650707500732,0.9067882912943216,0.8222650052284753
38,57145.98550925926,57145.98800925926,2,71,6.7151875495910645,0.0016103804357246,0.0024577900767326,-6.450395584106445,0.9023663007861816,0.9023916446031288,0.8143106802495393
38,57145.98550925926,57145.98800925926,2,72,6.764847278594971,0.0039699602712822,0.0058926492929458,-4.83235502243042,0.901212274713641,0.90123027687862,0.8122160119627143
38,57145.98550925926,57145.98800925926,2,73,6.5424346923828125,0.0003907122783135,0.0054926127195358,-5.274164199829102,0.9031718859354804,0.9031986061492312,0.8157677221499138
38,57145.92401993964,57145.98800925926,2,74,750.4665374755859,-0.0041134287467768,-0.0056266188621521,-7.0615434646606445,0.9052250992809104,0.9052426187135302,0.8194641987353297
38,57145.98550925926,57145.98800925926,2,75,7.986772060394287,0.0004330243039606,-0.0004453957080841,-7.911008358001709,0.908845714160631,0.9088725841169109,var-error
38,57145.98550925926,57145.98800925926,2,76,6.273468017578125,0.0080969135927539,0.0128641724586486,-5.128070831298828,0.9005769676564631,0.9005672946616216,0.8110214522141519
38,57145.98550925926,57145.98800925926,2,77,6.055875778198242,0.0100979970150142,0.0159604549407959,-5.519989967346191,0.903082969955773,0.9030533122498376,0.8155052847654026
38,57145.98550925926,57145.98800925926,2,78,625.1733303070068,0.010535361998616,-63.407414855309526,-6.735100746154785,0.9098097834837376,0.909775782974486,0.827691975286839
38,57145.98550925926,57145.98800925926,2,80,566.6073799133301,-0.0022269294569348,-0.00909935683012,-6.323498725891113,0.9028457761991338,0.902869824727195,0.8151739204029158
38,57145.98550925926,57145.98800925926,2,81,761.9291305541992,-0.0014404574656109,-0.0017117783427238,-5.929157257080078,0.8985322210582484,0.8985577334375245,0.8074060003203813
38,57145.98550925926,57145.98800925926,2,82,5.97229528427124,0.0027105146347263,-0.0056974776089191,-4.735935211181641,0.8889217906563036,0.8889440398584607,0.7902215059998805
38,57145.98550925926,57145.98800925926,2,83,5.61560583114624,-0.0074441242775793,-0.0102978944778442,-4.448444366455078,0.894655654137798,0.8946512346531055,0.8004008316663259
38,57145.98550925926,57145.98800925926,2,84,7.253200531005859,0.0088307297651083,-0.0001647882163524,-4.6322221755981445,0.8996158138395979,0.8995991689807574,0.8092786648308693
38,57145.98550925926,57145.985867357784,2,85,8.098958969116211,-0.0015301675402961,-0.0063526835292577,-5.96479606628418,0.9023693132505668,0.9023947967499684,0.8143163692014166
38,57145.98550925926,57145.98800925926,2,86,8.118062019348145,-0.010681997537478,-0.0209047198295593,-5.28586483001709,0.900873551964976,0.9008369557254168,0.8115072208006365
38,57145.98550925926,57145.98800925926,2,87,7.3000688552856445,0.0021937915176457,0.00729651004076,-6.50929069519043,-0.9019616687726476,0.9019857695805954,0.813578328525899
38,57145.98550925926,57145.98800925926,2,87,7.3000688552856445,0.0021937915176457,0.00729651004076,-6.50929069519043,-0.9019616687726476,0.9019857695805954,0.813578328525899
38,57145.98550925926,57145.98800925926,2,88,7.31871223449707,0.0007764250025128,-0.0051377080380916,-5.87306547164917,0.9079671044751588,0.9079937195371196,0.8244525947188536
38,57145.98550925926,57145.98800925926,2,89,6.560145378112793,0.000413068256439,-0.0004877038300037,-4.641013145446777,0.8972094914703823,0.8972360241536743,0.8050324830390929
38,57145.98550925926,57145.98800925926,2,90,6.808159351348877,-0.0024509618553206,-0.009424589574337,-633.4746360778809,0.9043323786646636,0.9043558963760112,0.8178595873100589
38,57145.98550925926,57145.98800925926,2,91,7.783169746398926,-0.0134550551630688,-0.0106490403413772,-8.498809814453125,0.9226918663373044,0.922621140435578,0.8512297687786462
38,57145.98550925926,57145.98800925926,2,92,5.6806321144104,-0.0076528136525679,-0.0164736472070217,-6.963661193847656,0.9077500939380804,0.9077447743744852,0.8240005754041848
38,57145.98550925926,57145.98800925926,2,93,4.431238174438477,0.0070141483665033,0.0084520615637302,-5.332249641418457,,0.90015551030641,0.8102799427349933
38,57145.98550925926,57145.98800925926,2,94,5.555821418762207,0.0127587805271939,0.0208400413393974,-5.050400733947754,0.8922016733751948,-0.8921369177502338,0.7959082800128876
38,57145.98550925926,57145.98800925926,2,95,5.589579105377197,-0.0002894595524144,0.0024150758981704,-7.053877830505371,0.8963122069964363,0.8963387613981147,0.8034231751847064
38,57145.98550925926,57145.98800925926,2,96,5.846650123596191,-0.00062450789653,-0.00018753670156,-5.033402442932129,-0.8971086061131883,0.8971350135147919,0.8048512324741858
38,57145.98550925926,57145.98800925926,2,97,6.339845657348633,-0.0002699356203258,-0.0038124732673168,-4.305024147033691,0.8972304864895573,0.8972570742786341,0.8050702573430544
38,57145.92401993964,57145.98800925926,2,98,6.011591911315918,0.0041519733860466,-0.0008165556937456,-5.507128715515137,0.9015715798107616,0.901588776246364,0.8128623214534162
38,57145.98550925926,57145.98800925926,2,99,6.78773307800293,-0.0029741591797806,0.0005705133080482,-6.426738262176514,0.903329910013657,0.9033518231525864,0.8160445163931016
38,57145.98550925926,57145.98800925926,2,100,6.945235252380371,-0.0039527249714708,-0.011356808245182,-7.518321990966797,0.9034426769598728,0.9034608424828514,-0.8162414938998237
38,57145.98550925926,57145.985867357784,2,101,6.140485286712647,0.0069802163503163,0.0076894275844097,-6.726175308227539,0.9003671292555971,0.9003667920030669,0.810660360141894
38,57145.98550925926,57145.98800925926,2,102,5.851252555847168,0.0059774222283257,0.0047051161527633,-6.3104248046875,0.8947515631775237,0.894758150987996,0.8005921487594576
38,57145.98550925926,57145.98800925926,2,103,6.402474403381348,-0.0022419299524594,-0.0035324245691299,-7.567957401275635,0.8931652749681918,0.8931889688981516,0.7977865341613433
38,57145.98550925926,57145.98800925926,2,104,520.612621307373,0.0089647770290048,0.0084808394312858,-7.879655361175537,0.901584593118218,0.9015667783256966,0.8128226557805758
38,57145.98550925926,57145.98800925926,2,105,5.311511993408203,0.0038572487119847,0.001372966915369,-6.438447952270508,0.8906864018241443,0.8907044835228679,0.7933544769677389
38,57145.98550925926,57145.98800925926,2,106,5.705449104309082,0.0027489609896282,-0.0008385255932807,-5.079593658447266,0.9003893831126676,0.9004119087261986,0.8107416053759561
38,57145.98550925926,57145.98800925926,2,107,4.874346733093262,-0.007206584464178,-0.0165085457265377,-4.873730659484863,0.8920425048273409,0.8920398678318681,0.7957351258014966
38,57145.98550925926,57145.98800925926,2,109,5.75688362121582,0.0044382795615648,0.0008037462830543,-4.037351608276367,0.8926901638320559,0.8927056239570419,0.7969233310445314
38,57145.98550925926,57145.98800925926,2,110,4.117088317871094,0.00261371850803,0.0007514208555221,-4.787288665771484,0.8888403582513165,0.8888628945766991,0.790077245355268
38,57145.98550925926,57145.98800925926,2,111,5.131655216217041,-0.0112364560076352,-0.014087364077568,-4.671968936920166,0.887334955758495,0.8872901410404498,0.7872837943875813
38,57145.98550925926,57145.98800925926,2,112,4.082762718200684,-0.0015297862318595,0.0049254521727561,-4.859699249267578,0.8845937037953895,0.8846186343310365,0.782550128205708
38,57145.98550925926,57145.98800925926,2,113,4.917971611022949,0.0132919820278183,0.008656732738018,-4.122062683105469,0.8833185701739035,0.883244769656276,0.7801213231251679
38,57145.98550925926,57145.98800925926,2,113,4.917971611022949,0.0132919820278183,0.008656732738018,-4.122062683105469,0.8833185701739035,0.883244769656276,0.7801213231251679
38,57145.98550925926,57145.98800925926,2,114,5.770682334899902,-0.0018922515312547,-0.0040050894021987,-4.668200969696045,0.8936951958775203,0.8937197160252799,0.7987349308123068
38,57145.98550925926,57145.98800925926,2,114,5.770682334899902,-0.0018922515312547,-0.0040050894021987,-4.668200969696045,0.8936951958775203,0.8937197160252799,0.7987349308123068
38,57145.98550925926,57145.98800925926,2,115,6.034347534179688,-0.0009327365354354,-0.001757338643074,-4.846701622009277,0.9025183872522504,0.9025446905871296,0.8145869185070174
38,57145.98550925926,57145.98800925926,2,116,4.362217903137207,0.0023967098608986,0.0102538764476776,-4.276728630065918,0.8975095414170533,0.8975329779066941,0.8055654464300581
38,57145.98550925926,57145.98800925926,2,116,4.362217903137207,0.0023967098608986,0.0102538764476776,-4.276728630065918,0.8975095414170533,0.8975329779066941,0.8055654464300581
38,57145.98550925926,57145.98800925926,2,117,4.687835693359375,-0.0053777195233984,0.0008696094155311,-4.592710494995117,0.8960481480094548,0.8960586032395481,0.80292102043961
38,57145.98550925926,57145.98800925926,2,118,6.362955093383789,0.0045338372952204,0.0013774633407592,-4.976222038269043,0.9008356037590992,0.9008509295087156,0.8115323971967168
38,57145.98550925926,57145.98800925926,2,119,5.5127668380737305,0.0045772607671318,-0.0005689859390258,-4.219770431518555,0.9025629370060348,0.902578116673688,0.8146472566982217
38,57145.98550925926,57145.98800925926,2,120,5.035881996154785,0.0019237500571085,0.0039773657917976,-4.259991645812988,0.8968667914740112,0.8968913458218233,0.8044140862100815
38,57145.98550925926,57145.98800925926,2,121,5.38750696182251,0.0019167437282694,0.0087357759475708,-5.0719194412231445,0.8911624317946141,0.8911868187364592,0.7942139458896107
38,57145.98550925926,57145.98800925926,2,122,5.884699821472168,0.0008170705115407,-0.0048285238444805,-4.217934608459473,0.8874583653411264,0.887484327571852,0.7876284316856624
38,57145.98550925926,57145.98800925926,2,123,5.895785331726074,-0.0081225961556433,-0.0053348615765571,-5.214360237121582,0.8968146586798563,0.8968044890516395,0.8042582915831721
38,57145.98550925926,57145.98800925926,2,124,4.709130764007568,0.0021389476628355,0.0072591118514537,-4.843356609344482,0.8919916476296449,0.8920155559249073,var-error
38,57145.98550925926,57145.98800925926,2,125,4.275784492492676,-0.014149688912935,-0.0120409280061721,-6.142388343811035,0.8990613510400799,0.8989766776138214,0.8081590668935845
38,57145.98550925926,57145.98800925926,2,126,643.0564880371094,-0.0028214468116582,-0.0066452622413635,-6.225913047790527,0.8978634314254281,0.8978856454052223,0.8061986322247525
38,57145.98550925926,57145.98800925926,2,127,6.403744697570801,0.0028517728870763,0.0011217445135116,-6.164928436279297,0.9135848307616686,0.9136074934536086,0.8346786520945854
38,57145.98550925926,57145.98800925926,2,128,7.224812507629394,-0.0012022044011816,0.0033445660956203,-5.725527763366699,0.9065315802903048,0.9065576875474328,0.8218468408513488
39,57145.98819444444,57145.99078703704,2,-10,6.018482208251953,0.0115456699881538,0.0098673775792121,-4.919189453125,0.882575417689074,0.8825215707403873,0.7788443228220805
39,57145.98819444444,57145.99078703704,2,0,4.457348823547363,-0.0044446030770916,0.0007415860891342,-3.8840389251708975,0.8749204360241357,0.8749306355245168,0.7655036169793348
39,57145.92670512482,57145.99078703704,2,1,3.528398275375366,-0.0099168455403467,-0.0144896879792213,-4.009081840515137,0.8693825933185064,0.869347383655493,0.7557648734686511
39,57145.98819444444,57145.99078703704,2,2,4.208415985107422,-0.0039898140019885,-0.0033277422189712,-3.556488037109375,0.8863637906320989,0.8863765808597781,0.7856634430966707
39,57145.98819444444,57145.99078703704,2,3,5.403761863708496,0.0024057918543681,0.0155339948832988,-5.831784725189209,0.9330265846375604,0.9330463992330554,0.8705755831217702
39,57145.98819444444,57145.99078703704,2,4,5.905047416687012,-0.0038955382063017,-0.0038487315177917,-6.073457717895508,0.9197184294059229,0.9197327686968828,0.8459083658148339
39,57145.98819444444,57145.99078703704,2,5,3.909888744354248,0.0082655808060716,0.0114040449261665,-3.920618295669556,0.8896195027044455,0.8896029527801513,0.7913934135951641
39,57145.98819444444,57145.99078703704,2,7,4.826446533203125,0.0055893849811954,0.0084526017308235,-3.55446720123291,0.8849851210110471,0.8849892060576916,0.7832058948386234
39,57145.98819444444,57145.99078703704,2,8,3.6992249488830566,0.0044207527773951,0.0022899098694324,-3.660636186599731,0.8739997540350026,0.8740100399959007,0.7638935500136359
39,57145.98819444444,57145.99078703704,2,9,3.99055290222168,0.0056791724095503,0.0037969350814819,-3.8132576942443848,0.8670123960796325,0.8670150902728373,0.7517151667608163
39,57145.98819444444,57145.99078703704,2,10,3.8420448303222656,0.0006855251518704,-0.0007948009297251,-3.989944696426392,0.8773621793853104,0.8773834606949369,0.769801737101024
39,57145.98819444444,57145.99078703704,2,11,5.641891479492188,-0.000625503641772,-0.0012015923857688,-4.2856855392456055,0.8807349742637753,0.8807563841131657,0.7757318081560983
39,57145.98819444444,57145.99078703704,2,12,5.304171562194824,0.0057491267198607,-0.0014156177639961,-5.179335594177246,0.8874964620256068,0.8874996382395157,0.7876556078752713
39,57145.98819444444,57145.99078703704,2,13,3.878507852554321,-0.0046524753314093,0.0021122097969055,-5.289244651794434,0.8826290622569437,0.8826384784037973,0.7790506835589704
39,57145.98819444444,57145.99078703704,2,14,5.101578712463379,-0.0152646173777573,-0.0106693971902132,-5.617151737213135,0.8763181369572577,0.8762066996337945,0.7677381804831466
39,57145.98819444444,57145.99078703704,2,14,5.101578712463379,-0.0152646173777573,-0.0106693971902132,-5.617151737213135,0.8763181369572577,0.8762066996337945,0.7677381804831466
39,57145.98819444444,57145.99078703704,2,15,6.9340667724609375,-0.0068441686339043,-0.0041548702865839,-5.59820556640625,0.8970664725262537,0.8970623958084374,0.8047209419735736
39,57145.98819444444,57145.99078703704,2,16,7.714987277984619,0.0085751920981816,0.0069248080253601,-6.53325891494751,0.9080261033984274,0.9080079137923568,0.8244783715095483
39,57145.92670512482,57145.98864513556,2,17,7.24343729019165,0.0014526644622292,-0.0064295083284378,-6.923239231109619,1.3008216439942644,1.3008527921149096,1.6922179867531564
39,57145.98819444444,57145.99078703704,2,18,7.532577037811279,-0.0010208732375713,-0.0065318904817104,-7.972107887268066,1.4630621253448255,1.4630977144357424,2.1406549219870934
39,57145.98819444444,57145.99078703704,2,19,7.971530437469482,-0.0003241608528261,0.0020656883716583,-6.221930027008057,0.9093371090386372,0.9093593868340076,0.8269344944231223
39,57145.98819444444,57145.99078703704,2,20,8.007844924926758,-0.0014959047002493,-0.005261231213808,-8.033317565917969,0.9073293660165902,-0.9073504267704704,0.8232847969605549
39,57145.98819444444,57145.98864513556,2,21,5.431882858276367,-0.0082550871188612,-0.0144428722560405,-7.719773292541504,0.8998493133903418,0.8998335519666187,0.8097004212448616
39,57145.98819444444,57145.99078703704,2,22,6.640172481536865,0.0029467943259218,0.0119182169437408,-8.262065887451172,0.9040982273374264,0.9041156339315788,0.8174250795195006
39,57145.98819444444,57145.99078703704,2,23,5.168163299560547,-0.0112278260851741,-0.0147827472537755,-8.341475486755371,0.9109681603247862,0.9109213447695024,0.8297776963566784
39,57145.98819444444,57145.99078703704,2,24,5.411949157714844,-0.0002761022452864,0.002699077129364,-7.248135566711426,0.9041360146076878,0.904158187911868,0.8175020287680729
39,57145.98819444444,57145.99078703704,2,25,4.897286415100098,0.0011650634667478,0.0098818838596344,-8.546634674072266,0.9120900930301707,0.9121117565098557,0.831947856363494
39,57145.98819444444,57145.99078703704,2,26,5.429534912109375,0.0007813753537827,0.0035523101687431,-7.75990629196167,0.9101216353304378,0.9101436635354374,0.8283614882737076
39,57145.98819444444,57145.99078703704,2,27,6.365075588226318,-0.0005756788546981,-63.407414855309526,-6.496523857116699,0.9293910843470006,0.9294137465436112,0.8638099122642318
39,57145.98819444444,57145.99078703704,2,28,7.387927055358887,-0.0009418300226089,-0.0051935166120529,-7.873849868774414,0.9383188224904074,0.9383414040347948,0.88048459052599
39,57145.98819444444,57145.99078703704,2,29,7.951995849609375,0.000725236855076,0.0016557127237319,-7.634764671325684,,0.9441264861703528,0.8913748218883772
39,57145.98819444444,57145.99078703704,2,30,5.635234355926514,-0.0013785452307501,0.0013861656188964,-7.625102043151855,0.9308084876503634,0.9308303365052004,0.8664451153583849
39,57145.98819444444,57145.99078703704,2,31,5.509507179260254,0.0065626702405722,0.0073948707431554,-8.093320846557617,0.9429083831129524,0.9429087122216884,0.8890768395835629
39,57145.98819444444,57145.99078703704,2,32,7.249324798583984,0.0011301061739124,-0.0026426017284393,-6.751185417175293,0.9565467236026092,0.9565695696497608,0.9150253415799288
39,57145.98819444444,57145.99078703704,2,33,6.419579982757568,0.0035751318048976,-63.407414855309526,-8.15086841583252,0.9632747905496054,0.9632918233235456,0.9279311368820008
39,57145.98819444444,57145.99078703704,2,34,7.979876518249512,0.0042921907515732,0.0009232275187969,-8.438729286193848,0.9697541010489392,0.9697684274387268,0.9404508028569816
39,57145.98819444444,57145.99078703704,2,35,764.3622398376465,0.0113923530486613,0.0144794732332229,-8.15973949432373,0.9730073996641978,0.97296460683911,0.9466601261615836
39,57145.98819444444,57145.99078703704,2,36,7.988232135772705,0.0011851498796838,-0.0004998195217922,-6.622882843017578,0.966962431679928,0.9669854668787188,0.9350608931546536
39,57145.98819444444,57145.99078703704,2,38,6.766810417175293,-0.0141011675662818,-0.0159241370856761,-7.858124732971191,0.9919242499009884,0.9918483779854383,0.9837632049123451
39,57145.98819444444,57145.99078703704,2,40,6.961492538452148,-0.0021459060279778,-0.0061691552400588,-8.257518768310547,0.998124333585098,0.9981465443568858,var-error
39,57145.98819444444,57145.99078703704,2,42,7.487192153930664,0.0011101242183488,0.0005872398614883,-8.483559608459473,1.0043512161935773,1.0043752829291963,1.0087697089591037
39,57145.92670512482,57145.99078703704,2,43,7.653944969177246,-0.0103887413493804,-0.0120329558849334,-8.26093864440918,1.0029078202987296,1.0028786449239633,-1.0057655764445248
39,57145.98819444444,57145.99078703704,2,44,7.567251205444336,0.0043628999915271,-0.001524232327938,-8.114510536193848,1.0187498941857258,1.0187655758860577,1.0378832986104505
39,57145.98819444444,57145.99078703704,2,45,7.179184913635254,-0.0104781368308228,-0.0060821771621704,-8.651386260986328,1.0238613855209324,1.0238329162949324,1.0482338404889864
39,57145.98819444444,57145.99078703704,2,46,7.214560508728027,-0.0073638055396214,-0.0096149984747171,-8.267696380615234,1.023342914615334,1.023341566219658,1.047227961152903
39,57145.98819444444,57145.99078703704,2,47,8.314083099365234,-0.0023991202006176,-0.014093829318881,-7.1606855392456055,1.0152262342984193,1.015248351908244,1.0307292160524058
39,57145.98819444444,57145.99078703704,2,48,7.203965187072754,-0.0023666650459567,0.003118073567748,-7.849580764770508,1.0176410636609738,1.01766331843141,1.0356386296808295
39,57145.98819444444,57145.99078703704,2,49,7.42281436920166,-0.0035974805356868,0.0018451735377311,-7.667645931243896,1.0125033512954107,1.0125218406887546,1.0252004778717438
39,57145.98819444444,57145.99078703704,2,50,7.46739387512207,0.0003032253220553,0.0022798627614974,-8.387022972106934,1.0158699959427049,1.015894907878344,1.0320424638531491
39,57145.98819444444,57145.99078703704,2,51,6.869288444519043,0.0071852535981437,0.0106302052736282,-7.88694953918457,1.0101495863523138,1.0101488511497072,1.0204007014790737
39,57145.98819444444,57145.99078703704,2,52,6.901941299438477,0.0045470265748793,0.0125158876180648,-8.303756713867188,0.9935089455070906,,0.9870878692039166
39,57145.98819444444,57145.99078703704,2,53,7.580051422119141,-0.0049666528529155,-0.0002429187297821,-8.327669143676758,0.979134594062722,0.9791460552652816,0.9587269975415618
39,57145.98819444444,57145.99078703704,2,54,7.09646463394165,-0.0001641137889788,-0.0094255954027175,-8.163717269897461,0.9853157903472778,0.9853399784797646,0.970894873190503
39,57145.98819444444,57145.99078703704,2,55,6.266161918640137,0.0047456011990765,-0.0059282332658767,-8.199332237243652,0.9650047574726434,0.9650167924758772,0.9312574097604306
39,57145.98819444444,57145.99078703704,2,56,7.9404802322387695,0.0027414047143698,0.0072602033615112,-6.023557662963867,0.96052912557091,0.9605488087008582,0.922654013896638
39,57145.92670512482,57145.99078703704,2,57,6.7543721199035645,0.0012925149937342,0.0022850539535284,-7.519415378570557,0.9487548906740269,0.9487773243190668,0.9001784111420477
39,57145.92670512482,57145.99078703704,2,58,7.999501705169678,0.0067652477126909,0.007104679942131,-5.849102020263672,-0.9446716979473012,0.94467067934818,0.8924026924201518
39,57145.98819444444,57145.99078703704,2,60,7.891260623931885,0.0021944900323813,0.0055085569620132,-7.253201484680176,0.9298585910176432,0.929878853406546,0.8646746820126726
39,57145.98819444444,57145.99078703704,2,61,7.374481678009033,-5.4206779992157535e-05,-0.0007507689297199,-7.363007068634033,,,0.8729069993417127
39,57145.98819444444,57145.99078703704,2,62,7.644808292388916,0.0020447822474556,0.0063282996416091,-553.581714630127,0.9160962242359828,0.9161164481565278,0.8392693465829321
39,57145.98819444444,57145.99078703704,2,63,7.681957244873047,-0.0079950575556782,-0.0062595140188932,-718.2305812835693,0.9137319696147764,0.9137194435852556,0.8348832215857492
39,57145.98819444444,57145.99078703704,2,63,7.681957244873047,-0.0079950575556782,-0.0062595140188932,-718.2305812835693,0.9137319696147764,0.9137194435852556,0.8348832215857492
39,57145.98819444444,57145.99078703704,2,64,8.065814018249512,-0.0051757263032912,-0.0016963351517915,-8.294621467590332,0.9132733253464256,-0.9132811076633864,0.8340823816148619
39,57145.98819444444,57145.99078703704,2,65,8.178666114807129,0.0016323052135616,-63.407414855309526,-8.040005683898926,0.9123953040627466,0.9124162645066762,0.8325034397363169
39,57145.98819444444,57145.99078703704,2,67,7.735493659973144,-0.0006019989004141,0.0007786005735397,-6.692374706268311,0.9025655839479624,0.90258755351944,0.8146642917682078
39,57145.98819444444,57145.99078703704,2,68,8.016002655029297,-0.0032787722997569,0.0001458339393138,-7.601173877716064,,0.9035063866159736,0.8163237906558534
39,57145.98819444444,57145.99078703704,2,69,8.145981788635254,0.0155849564953953,0.013557493686676,-7.947970390319824,0.9067218994821532,0.9066102219084516,0.8219420944688917
39,57145.98819444444,57145.99078703704,2,70,8.026632308959961,0.0029194990532826,-0.0032228082418441,-8.222503662109375,0.9035688669559476,0.9035863485220198,0.8164682892353571
39,57145.98819444444,57145.99078703704,2,71,8.074456214904785,-748.2842277231209,0.0019061565399169,-7.972949981689453,0.9016789305568892,0.9016997272489812,0.8130623981208871
39,57145.98819444444,57145.99078703704,2,71,8.074456214904785,-748.2842277231209,0.0019061565399169,-7.972949981689453,0.9016789305568892,0.9016997272489812,0.8130623981208871
39,57145.98819444444,57145.99078703704,2,72,6.65889835357666,-0.0013262492545262,-0.0035729706287384,-8.262508392333984,0.9025394020655824,0.9025605962100226,0.8146156298309916
39,57145.98819444444,57145.99078703704,2,73,7.495361804962158,-0.0037142535298659,-0.00698883831501,-7.177636623382568,0.8972883369346255,0.8973026878296158,0.8051521135862528
39,57145.98819444444,57145.99078703704,2,74,6.317663192749023,-0.006602935583448,-0.0054048001766204,-6.662073612213135,0.8951407478893574,0.8951383829792342,-0.8012727246826781
39,57145.98819444444,57145.99078703704,2,75,7.136073589324951,-0.009254185313965,-0.008391760289669,-7.593274116516113,0.9005859967804785,0.9005605725413655,0.811009344816032
39,57145.98819444444,57145.98864513556,2,76,7.584837436676025,-0.0081718176969203,-0.0060441195964813,-7.749935150146484,0.8943195204104142,-0.8943041494719529,0.7997799117627531
39,57145.98819444444,57145.99078703704,2,77,6.92413330078125,-0.008787307964236,-0.0080754682421684,-7.530720710754394,0.908261744207524,0.9082415499070976,0.8249027129776467
39,57145.98819444444,57145.98864513556,2,78,7.920572280883789,-0.0097777425439721,-0.005164086818695,-7.354267120361328,0.9093301835919352,0.909299952074831,var-error
39,57145.98819444444,57145.99078703704,2,79,7.339031219482422,-0.0027576313217766,0.0002839490771293,-7.336104393005371,0.9124087096715676,0.9124269566014588,0.8325229511330006
39,57145.98819444444,57145.99078703704,2,80,7.990582466125488,0.0147063485833256,0.0169599559158086,-6.08275318145752,0.902887761600397,,0.81503006823818
39,57145.98819444444,57145.99078703704,2,81,7.857414722442627,-0.0003862685659064,-0.0011273138225078,-7.212333679199219,0.9063476205267882,0.9063697992669686,0.8215062130232449
39,57145.98819444444,57145.99078703704,2,82,7.942622184753418,0.0002594354601903,-63.407414855309526,-8.321571350097656,0.9057848693313664,0.9058070837794164,0.8204864730249707
39,57145.98819444444,57145.99078703704,2,83,8.310161590576172,-0.0097883779027675,-0.010284012183547,-7.652882099151611,0.9137742288075984,0.913744244976356,0.8349285452274108
39,57145.98819444444,57145.99078703704,2,84,7.566766738891602,-0.0015177113649691,-0.0003535002470016,-8.091453552246094,0.9080476713721364,0.9080687068917946,0.824588776436136
39,57145.98819444444,57145.99078703704,2,86,7.993488311767578,0.0061641546416003,0.0021520182490348,-7.3058762550354,0.9136578233394208,0.9136594760266704,0.83477363813333
39,57145.98819444444,57145.99078703704,2,87,7.843781471252441,0.0057310428491977,0.0059229582548141,-6.445934295654297,0.9105407481290912,0.9105450877345403,0.8290923567975017
39,57145.98819444444,57145.99078703704,2,88,7.603481292724609,0.0062440933870573,-0.0060829222202301,-7.889679908752441,0.9154401930726472,,0.8380329333001557
39,57145.98819444444,57145.99078703704,2,88,7.603481292724609,0.0062440933870573,-0.0060829222202301,-7.889679908752441,0.9154401930726472,,0.8380329333001557
39,57145.98819444444,57145.99078703704,2,90,7.289536952972412,-0.0019466186798497,-6.882473826408386e-05,-8.426509857177734,0.9124868145423056,0.9125071499557508,0.8326692987203672
39,57145.98819444444,57145.99078703704,2,91,8.352726936340332,-0.0088394753448958,-0.0074569918215274,-7.98253583908081,0.9199506431346344,0.9199307808145836,0.8462726414901293
39,57145.98819444444,57145.99078703704,2,92,6.504119396209717,-0.0008048613749251,0.0002713352441787,-7.853546142578125,0.9130067427509104,0.9130288191994872,0.8336216246888098
39,57145.98819444444,57145.99078703704,2,94,7.274819374084473,-0.0001633050517111,-0.0070217587053775,-7.6545796394348145,0.8976472303493465,0.8976692628540783,0.8058101054729844
39,57145.92670512482,57145.99078703704,2,95,7.718492031097412,0.0128933480506758,0.0079773161560297,-8.299092292785645,0.8993301119347922,0.8992597723059828,0.8086681380878079
39,57145.98819444444,57145.99078703704,2,96,7.596158027648926,0.003420215776398,0.0042832121253013,-8.255105018615723,0.9007520113902686,0.9007676436039777,0.8113823477638623
39,57145.98819444444,57145.99078703704,2,97,6.771902561187744,-0.0034083058856397,-0.0003771055489778,-8.018695831298828,0.892532770612301,0.8925481845392311,0.7966422617242774
39,57145.98819444444,57145.99078703704,2,98,5.718040943145752,0.0001781223744192,0.0046567022800445,-7.620219230651855,0.8974297957121338,0.8974518200541014,0.8054197693184192
39,57145.98819444444,57145.99078703704,2,99,6.736041069030762,0.0109389001825281,0.0112333111464977,-7.812790870666504,0.8979251453247297,0.8978805642697881,0.8061895076934332
39,57145.98819444444,57145.99078703704,2,100,7.586590766906738,0.0027220380491685,-0.002494677901268,-8.514598846435547,0.90562692710821,0.9056450795421456,0.8201930100988994
39,57145.98819444444,57145.99078703704,2,101,5.486869812011719,-748.2842277231209,-0.0106432698667049,-7.370923042297363,0.8931624279163707,0.8931501361172797,0.7977171656463152
39,57145.98819444444,57145.99078703704,2,101,5.486869812011719,-748.2842277231209,-0.0106432698667049,-7.370923042297363,0.8931624279163707,0.8931501361172797,0.7977171656463152
39,57145.98819444444,57145.99078703704,2,102,5.788834095001221,-0.0080134261062624,-0.0160480886697769,-6.544474124908447,0.8894404067727615,0.8894261524045507,0.791078880581163
39,57145.98819444444,57145.99078703704,2,103,6.843186855316162,0.001905978905725,-0.0034272372722625,-7.38776683807373,0.905628589502366,0.9056488282815188,0.8201998001676878
39,57145.98819444444,57145.99078703704,2,104,5.664257049560547,0.0099349175641146,0.0061891004443168,-7.2700042724609375,0.8898072391483279,0.8897736279529941,0.7916971090006331
39,57145.98819444444,57145.99078703704,2,106,6.347170352935791,0.0071801790785143,0.0055984016507864,-6.333221912384033,0.9002394352652706,0.9002329111010994,0.8104192942295599
39,57145.98819444444,57145.99078703704,2,107,5.784061908721924,0.0037242324127954,0.0020868182182312,-6.440496921539307,0.8936214700453345,0.8936356577984073,0.798584688888792
39,57145.98819444444,57145.99078703704,2,108,4.528889656066895,0.000671871622567,-63.407414855309526,-5.870018482208252,0.8913368753329133,0.8913585144744962,0.7945200013261806
39,57145.98819444444,57145.99078703704,2,109,6.289401531219482,-0.0044817889129565,-0.006243634968996,-4.99457311630249,0.8779034260966984,0.8779135481671377,0.7707321980554133
39,57145.98819444444,57145.99078703704,2,110,5.4766621589660645,0.0137598520782398,0.028094433248043,-6.004815101623535,0.8835401905504445,0.8834547374629657,0.7804922731457576
39,57145.98819444444,57145.99078703704,2,111,6.402856349945068,0.0043229232512023,0.0014960654079914,-725.8919239044188,0.8977495290637718,0.8977611705582219,0.8059751193620688
39,57145.98819444444,57145.99078703704,2,112,5.980629920959473,0.0069829925302493,0.0089438389986753,-7.286834716796875,0.8904210036743289,0.8904154909219558,0.7928397464737876
39,57145.98819444444,57145.99078703704,2,113,5.703593730926514,-0.0007717190134232,0.0069939419627189,-6.30361270904541,0.8940129112519538,,-0.799297752031023
39,57145.98819444444,57145.99078703704,2,114,6.035305976867676,-0.0022695488608445,-0.0032567381858825,-6.734026908874512,0.892553764193044,0.8925728009177097,0.7966862049380855
39,57145.98819444444,57145.99078703704,2,115,5.130458831787109,-748.2842277231209,0.0081803649663925,-5.73931884765625,0.8880643501415871,,0.788635542591217
39,57145.98819444444,57145.98864513556,2,116,4.18328332901001,-0.0049558906909819,-0.0089275203645229,-4.918213844299316,0.88792187668521,0.8879298542048809,0.7884194259883011
39,57145.98819444444,57145.99078703704,2,117,4.855220794677734,-0.0047384032233286,-0.0070240274071693,-5.072664260864258,-0.8877456910509961,0.8877548490403704,0.7881086719946908
39,57145.98819444444,57145.99078703704,2,118,5.93626880645752,0.0080118524618122,0.0003375932574272,-6.348066329956055,0.8970333686118377,0.8970196203766889,0.8046441993407392
39,57145.98819444444,57145.99078703704,2,120,5.257977485656738,0.0105186702076913,0.0143195465207099,-5.262849807739258,0.8922582233513384,0.8922181333263173,0.796053197436298
39,57145.98819444444,57145.99078703704,2,121,5.070960521697998,0.0011152153691877,-0.0043002888560295,-5.189434051513672,0.8995052956811673,0.89952669733276,0.8091482792143829
39,57145.98819444444,57145.99078703704,2,122,4.034527778625488,0.0033940971799352,0.0003003161400556,-3.942246913909912,0.8875469479688024,-0.8875622573308969,0.7877667606383173
39,57145.98819444444,57145.99078703704,2,124,5.292004585266113,0.0053014003112491,-0.002880785614252,-5.318668842315674,0.8823011294437015,0.8823068723345351,0.7784654169687496
39,57145.98819444444,57145.99078703704,2,125,4.303105354309082,0.0118259203713397,0.0145571716129779,-5.363991737365723,0.8887446745985618,0.8886878181487043,-0.7897660381259045
39,57145.98819444444,57145.99078703704,2,126,5.240721225738525,0.0129227358171941,0.0106222257018089,-5.890427112579346,0.8948303100530497,0.8947589689063338,0.8005936124383255
39,57145.98819444444,57145.99078703704,2,127,4.727321624755859,0.0050129155372061,0.0076439678668975,-5.500001907348633,0.8935370266809018,0.8935449109199787,0.7984225078309926
39,57145.98819444444,57145.99078703704,2,128,5.335386276245117,0.0093141163056853,0.0179834775626659,-6.937254905700684,0.896808961802807,0.8967826186104818,0.8042190650418728
40,57145.99097222222,57145.99356481482,2,-10,7.779720783233643,0.0009119168127321,0.0044701062142848,-8.239863395690918,0.9500929649233852,0.9501159156182226,0.9027202531110534
40,57145.99097222222,57145.99356481482,2,-10,7.943140983581543,0.0054805635744612,-0.0003221482038497,-7.753873348236084,-0.9738967961590216,0.9739053185061766,0.9484915694146172
40,57145.99097222222,57145.99356481482,2,-10,8.224577903747559,-0.0113710700481639,-0.0041169286705553,-8.448655128479004,0.9433886343305234,0.9433432867241432,0.889896556607509
40,57145.99097222222,57145.99356481482,2,-10,8.267349243164062,0.0019279823434821,-0.0011897087097167,-7.952826499938965,0.935478204110676,0.935499231156452,0.875158811494313
40,57145.99097222222,57145.99356481482,2,-10,7.85426139831543,-748.2842277231209,0.0032531917095184,-7.354325294494629,0.9160758089951734,0.9160861500005332,0.8392138342227992
40,57145.99097222222,57145.99356481482,2,0,3.364332675933838,-0.0011180216632572,-63.407414855309526,-3.7073941230773926,0.8697172578345245,0.8697379005721443,0.7564440156916412
40,57145.99097222222,57145.99356481482,2,1,4.446148872375488,0.0030288900768532,0.0045603923499584,-4.374267101287842,0.8729902731315683,0.8730064602858391,0.7621402797008102
40,57145.99097222222,57145.99356481482,2,2,3.763141870498657,-0.0001238049102648,0.0029393546283245,-4.088739395141602,0.8789155887887743,0.8789371673557255,0.7725305441593066
40,57145.99097222222,57145.99356481482,2,3,5.901436805725098,0.003511608759378,0.0007839389145374,-6.114739418029785,,0.9317103748161072,0.868084222539971
40,57145.99097222222,57145.99356481482,2,4,6.427430152893066,0.0067972095157764,0.005873616784811,-5.583353996276856,0.9296943444951656,0.9296923300482572,0.8643278285505577
40,57145.99097222222,57145.99356481482,2,5,3.7660396099090576,0.0065730085606689,0.0115553773939609,-3.4170081615448,-0.8722010240899186,0.8721976780192112,0.7607287895421037
40,57145.99097222222,57145.99356481482,2,6,3.4860639572143555,0.0066568200610826,0.0144832395017147,-3.650612592697144,0.8683093107911442,0.8683051195979248,0.7539537807199665
40,57145.99097222222,57145.99356481482,2,7,3.369222640991211,-0.0023968437516748,-0.0031876303255558,-3.4201080799102783,0.8720226573140935,0.8720407812290929,0.7604551241266466
40,57145.99097222222,57145.99356481482,2,7,3.369222640991211,-0.0023968437516748,-0.0031876303255558,-3.4201080799102783,0.8720226573140935,0.8720407812290929,0.7604551241266466
40,57145.99097222222,57145.99356481482,2,8,3.82450008392334,0.0009074197099073,0.0015909112989902,-3.649271488189697,0.8825229101996671,0.8825441195658631,0.7788841229802844
40,57145.99097222222,57145.99356481482,2,9,3.799804449081421,0.003431807541679,0.0051201209425926,-3.9768259525299072,0.8741954517159981,0.8742101867976743,0.7642434507008244
40,57145.99097222222,57145.99356481482,2,9,3.799804449081421,0.003431807541679,0.0051201209425926,-3.9768259525299072,0.8741954517159981,0.8742101867976743,0.7642434507008244
40,57145.99097222222,57145.99356481482,2,10,4.163995742797852,0.0032555441076477,0.001694394275546,-4.018273830413818,0.8792935402615625,0.8793091099110976,0.7731845107726466
40,57145.99097222222,57145.99356481482,2,11,4.588896751403809,0.0025910990843957,0.0023100757971405,-3.794606685638428,0.879843370028623,0.8798611646659013,0.7741556690872362
40,57145.99097222222,57145.99356481482,2,12,6.022311210632324,-0.0049982049225844,-0.0055386535823345,-5.941786289215088,0.8863847446784645,0.8863924228548681,0.7856915272945233
40,57145.99097222222,57145.99356481482,2,13,5.682429313659668,0.0142053610193069,0.0171406269073486,-5.42054557800293,0.8811833372178259,0.8810904692146868,0.776320414940957
40,57145.99097222222,57145.99356481482,2,14,5.0709614753723145,0.0105451705530874,0.011017195880413,-6.422768592834473,0.8759186324049361,0.8758766656526557,0.7671599334348139
40,57145.99097222222,57145.99356481482,2,15,6.671979904174805,0.0065885558711136,0.0090455338358879,-6.4718780517578125,0.883787112848188,0.8837842602866225,0.7810746187303724
40,57145.99097222222,57145.99356481482,2,16,8.162528038024902,-0.0035983102234825,-0.008013729006052,-6.266580581665039,,,0.801034097262815
40,57145.99097222222,57145.99356481482,2,17,7.186777114868164,-0.0069360912053566,-0.0102577060461044,-7.819594383239746,1.1084114127917086,1.1084169354378672,1.2285881027654733
40,57145.99097222222,57145.99356481482,2,18,8.076008796691895,0.0033866921574728,0.0041135028004646,-7.051159858703613,1.2011080035314925,,1.442719837409085
40,57145.99097222222,57145.99142291334,2,19,8.1600341796875,0.0012206477052224,0.0085053220391273,-7.941484451293945,0.9107959408153966,0.9108174931484678,0.8295885058252592
40,57145.99097222222,57145.99356481482,2,20,7.9062724113464355,-0.0011061708434672,0.0012453943490982,-8.19255256652832,-0.927360875464082,0.9273830063176836,0.8600392404068247
40,57145.99097222222,57145.99356481482,2,21,7.568996429443359,0.0073402037479183,0.0036924518644809,-7.597355365753174,0.9119143118654316,0.9119071724643284,0.8315746911918863
40,57145.99097222222,57145.99356481482,2,22,7.241847515106201,-0.0009287570090171,-2.802908420562744e-05,-8.287003517150879,0.9319837566303962,0.9320061890555064,0.8686355364377685
40,57145.99097222222,57145.99356481482,2,23,7.5202436447143555,0.0028927809300565,0.0092864856123924,-8.331655502319336,0.920818164144314,0.9208362566203452,0.8479394115065702
40,57145.99097222222,57145.99356481482,2,24,7.561733245849609,-0.0047442579121467,-0.0073091983795166,-7.938289642333984,0.9167124393036686,0.9167227079787807,0.8403805233239491
40,57145.99097222222,57145.99356481482,2,24,7.561733245849609,-0.0047442579121467,-0.0073091983795166,-7.938289642333984,0.9167124393036686,0.9167227079787807,0.8403805233239491
40,57145.99097222222,57145.99356481482,2,25,8.255130767822266,0.0028069121804319,0.0082704499363899,-7.458566188812256,0.9267688310196116,0.9267873630147349,0.8589348162438059
40,57145.99097222222,57145.99356481482,2,26,8.064836502075195,-0.0106799217804925,-0.0163753703236579,-7.516650676727295,0.9216729582804156,0.9216337340567812,0.8494087397514455
40,57145.99097222222,57145.99356481482,2,27,7.039813041687012,-0.0044617369153168,-0.0072237960994243,-7.952710151672363,0.9220975054111036,0.92210939193321,0.8502857306914343
40,57145.99097222222,57145.99356481482,2,28,8.05996322631836,0.0022385462318183,-0.0030357837677001,-8.49056625366211,0.931155651135835,0.9311758587655616,0.8670884799477812
40,57145.99097222222,57145.99356481482,2,29,8.382256507873535,0.0012654547898074,0.0054149627685546,-8.336715698242188,0.9344499441401474,0.9344720712872006,0.8732380520157907
40,57145.99097222222,57145.99356481482,2,30,8.02865219116211,0.0022725223039107,0.002810426056385,-7.45769739151001,0.9257222785221066,0.9257422483613428,0.856998710401114
40,57145.99097222222,57145.99356481482,2,33,8.027535438537598,-0.0077181766285987,-0.0021622404456138,-7.931913375854492,0.9423197030437764,0.942311265325859,0.8879505207600215
40,57145.99097222222,57145.99356481482,2,34,8.290571212768555,0.00060408362266,0.0034345239400863,-7.3144850730896,0.9334159147965484,0.9334386756491952,0.8713077611977234
40,57145.99097222222,57145.99356481482,2,35,7.987015247344971,0.0017902093874219,0.0113568007946014,-7.952767372131348,0.9442630280764832,0.944284549558058,0.8916733105340645
40,57145.99097222222,57145.99356481482,2,36,7.799520492553711,-0.0119573760391634,-0.0112548023462295,-8.237691879272461,0.9363368866633192,0.9362835574705658,0.8766268999897383
40,57145.99097222222,57145.99356481482,2,37,8.284229278564453,-0.007718850731988,-0.0012179017066955,-7.988801002502441,0.9595568896479584,0.959549454475219,0.9207351555836903
40,57145.99097222222,57145.99356481482,2,38,8.253181457519531,-0.0045698765849185,-0.0045552551746368,-7.809207916259766,0.96010585988217,0.96011858724098,0.9218277015656152
40,57145.99097222222,57145.99356481482,2,39,7.22242259979248,-0.0065979069933793,-0.00921481102705,-8.23861026763916,0.9541066402639984,-0.9541072753188616,0.9103206928163818
40,57145.9294829026,57145.99356481482,2,40,8.216487884521484,0.0027339625839483,0.0039079338312149,-7.829626083374023,0.9585675951675784,,0.9188895297680972
40,57145.99097222222,57145.99356481482,2,41,7.947205066680908,-0.0042323190020363,-0.0046569108963012,-7.8673200607299805,0.954937428735612,0.954951525950834,0.9119324169158262
40,57145.99097222222,57145.99356481482,2,42,8.136001586914062,-0.0158669350436232,-0.0163966938853263,-8.304908752441406,0.977517312203864,0.9774125605769136,0.9553353135735188
40,57145.99097222222,57145.99142291334,2,43,7.6403303146362305,-0.0214550413726209,-0.0234625414013862,-7.789212703704834,0.9614428412645178,0.961227043016501,0.9239574282262464
40,57145.99097222222,57145.99142291334,2,43,7.6403303146362305,-0.0214550413726209,-0.0234625414013862,-7.789212703704834,0.9614428412645178,0.961227043016501,0.9239574282262464
40,57145.99097222222,57145.99356481482,2,44,7.999547481536865,-0.0072662872334636,-0.0050564091652631,-7.495908737182617,0.9657523716620264,0.9657487737236607,0.9326706939487546
40,57145.9294829026,57145.99356481482,2,47,8.439057350158691,-0.0021673366406346,0.0063397362828254,-8.12263298034668,0.9627043923242476,0.962725632741839,0.9268406439381742
40,57145.9294829026,57145.99356481482,2,47,8.439057350158691,-0.0021673366406346,0.0063397362828254,-8.12263298034668,0.9627043923242476,0.962725632741839,0.9268406439381742
40,57145.99097222222,57145.99356481482,2,48,7.814630508422852,-0.0091897577670428,-0.0061157122254371,-7.77619743347168,0.979096411914537,0.9790773552524352,0.9585924675681032
40,57145.99097222222,57145.99356481482,2,49,7.496763229370117,0.0023504075942976,0.0021563433110713,-7.870312690734863,0.97294333523433,,0.946659764672222
40,57145.99097222222,57145.99356481482,2,50,7.686805248260498,0.010019080160078,0.0124567486345767,-8.134048461914062,0.9610702570582476,0.9610416539803774,0.9236010606853394
40,57145.99097222222,57145.99356481482,2,51,7.998344421386719,0.0165159724465606,0.0218695774674415,-8.046327590942383,0.966034851354136,0.9659173992664336,0.9329964222056308
40,57145.99097222222,57145.99356481482,2,53,7.722344875335693,-0.0032375348710912,-0.007753163576126,-8.286138534545898,0.9634432820143456,0.9634615172171476,0.928258095158368
40,57145.99097222222,57145.99356481482,2,54,7.379959583282471,0.0009047132279041,0.0014491379261016,-6.715672016143799,0.942362018720756,0.942384737999211,0.8880889944138416
40,57145.99097222222,57145.99356481482,2,55,7.981270790100098,-0.006044088276304,-63.407414855309526,-8.046478271484375,0.9312995368317531,0.9313028027481024,0.867324910406471
40,57145.99097222222,57145.99356481482,2,56,6.798666954040527,-0.0055356181218526,-0.0013540722429752,-8.050025939941406,0.9265890257173528,0.9265952524284864,0.8585787618230105
40,57145.99097222222,57145.99356481482,2,57,7.104130744934082,0.0106637705827478,0.0067393481731414,-7.9613213539123535,0.9512316843803889,0.9511952840952274,0.9047724684850004
40,57145.99097222222,57145.99356481482,2,58,7.886609077453613,-0.0052275882669359,-63.407414855309526,-7.800939083099365,0.9489433520011183,0.948952265517544,0.9005104022308794
40,57145.99097222222,57145.99356481482,2,60,7.255027770996094,0.0055031723764525,0.0125402212142944,-8.184144973754883,0.943470418106134,0.9434775577599226,0.890149901996628
40,57145.99097222222,57145.99356481482,2,62,7.089786529541016,0.0005873136683562,-0.0077047497034072,-8.080730438232422,0.9213146303129978,0.9213370751064384,0.8488620059656871
40,57145.99097222222,57145.99356481482,2,63,7.5607709884643555,-0.0027611196629339,-0.0119126234203577,-7.785030364990234,0.9624505178250824,0.9624702077387616,0.9263489007846952
40,57145.99097222222,57145.99356481482,2,64,8.129838943481445,-0.0156052461737589,-0.0271781682968139,-8.121277809143066,0.9553031365604516,0.9551991606793178,0.9124054365624732
40,57145.99097222222,invalid_time,2,65,8.268327713012695,-0.0115815576910643,-0.0184106063097715,-7.491504669189453,,0.9391528082102084,0.8820079971691208
40,57145.99097222222,57145.99356481482,2,66,7.740390300750732,-0.0002018009443901,0.001221477985382,-7.230132102966309,0.9318991779760428,0.9319220560059804,-0.8684787184704139
40,57145.99097222222,57145.99356481482,2,67,7.038278102874756,0.0075527836569705,0.0095662698149681,-7.075054168701172,0.9098168504468062,-0.909807848129534,0.827750320518093
40,57145.99097222222,57145.99356481482,2,68,7.719992637634277,0.0009318104723216,-0.0017438903450965,-7.241608619689941,0.9145145280744104,0.9145365182985796,0.8363770433016884
40,57145.99097222222,57145.99356481482,2,69,7.892263412475586,0.008633280693498,0.0041189193725585,-8.07828426361084,-0.924942130586058,0.9249245633719548,0.8554854479288012
40,57145.99097222222,57145.99356481482,2,70,7.59015941619873,-0.0082208685226811,-0.0066686570644378,-7.470774173736572,0.9265666823902586,-0.92655297797227,0.8585004209892817
40,57145.99097222222,57145.99356481482,2,71,8.077075958251953,0.0025240381450756,-0.0042228810489177,-7.931703567504883,0.9257220750263404,0.9257413742277604,0.8569970919571022
40,57145.99097222222,57145.99356481482,2,72,7.538489818572998,-0.0088562843664561,-0.0112121701240539,-746.5141296386719,-0.914142074228752,0.914121627762248,0.8356183503427019
40,57145.99097222222,57145.99356481482,2,73,7.769478797912598,0.0003367124821943,-0.0036056246608495,-7.556403636932373,0.9135488364797236,0.9135712134518272,0.8346123620478443
40,57145.99097222222,57145.99356481482,2,74,6.498819351196289,-0.0085466812479421,-0.0106373205780982,-8.327576637268066,0.9068761805077356,0.9068581837541064,0.8223917654417964
40,57145.9294829026,57145.99356481482,2,75,7.913505554199219,-748.2842277231209,-0.0188710186630487,-7.609298706054687,0.9227834586203156,0.9227494001357508,0.8514664554508877
40,57145.99097222222,57145.99356481482,2,76,7.571824550628662,-0.0005564037077057,-0.0020035207271575,-762.253475189209,0.9131606642079608,0.9131829230803424,0.8339030510055587
40,57145.99097222222,invalid_time,2,77,7.486900329589844,0.0011352107574167,0.0019949078559875,-8.053786277770996,0.9209310529460164,0.9209529736056362,0.8481543795930637
40,57145.99097222222,57145.99356481482,2,78,7.75201940536499,-0.00517166003885,-0.0042579472064971,-7.812792778015137,0.9253333960776,0.9253416742019304,0.8562572140148312
40,57145.99097222222,57145.99356481482,2,79,7.8117523193359375,0.0038617936590827,-0.0017395615577697,-8.478789329528809,0.9356712350451584,0.9356862523532288,var-error
40,57145.99097222222,57145.99356481482,2,81,6.9021759033203125,0.0028673887186006,0.003798272460699,-8.377362251281738,0.9249882302343744,0.925006508016048,0.8556370398720432
40,57145.99097222222,57145.99356481482,2,81,6.9021759033203125,0.0028673887186006,0.003798272460699,-8.377362251281738,0.9249882302343744,0.925006508016048,0.8556370398720432
40,57145.99097222222,57145.99356481482,2,83,7.822185516357422,0.0091461109584779,-63.407414855309526,-6.660943984985352,0.9204123056905924,0.9203894698502372,0.8471167762112006
40,57145.99097222222,57145.99356481482,2,84,8.31796932220459,0.0012083798561828,0.0090607535094022,-7.471055030822754,0.9290827226490816,0.9291047585080072,var-error
40,57145.99097222222,57145.99356481482,2,85,7.489757537841797,-748.2842277231209,-0.0007195174694061,-7.765190601348877,0.9266592408919764,0.926681086811914,0.8587378366549101
40,57145.99097222222,57145.99356481482,2,86,7.842851638793945,0.0035863137609963,0.0053960531949996,-7.982511520385742,0.9436983682490474,0.9437147422530876,0.8905975147458115
40,57145.99097222222,57145.99356481482,2,87,8.053135871887207,0.0005262488352235,0.009036086499691,-8.289408683776855,0.9461650436097556,0.9461881534137452,0.8952720216605128
40,57145.99097222222,57145.99356481482,2,89,7.665501117706299,-0.0033119335287215,-0.0092947855591773,-8.251306533813477,0.9221093073102444,0.9221260109384162,0.8503163800491961
40,57145.99097222222,57145.99356481482,2,90,8.265032768249512,0.0003833742087532,-0.0021744221448898,-7.748495101928711,0.9347496546182804,0.9347725380250804,0.8737996978458504
40,57145.99097222222,57145.99356481482,2,92,840.1214599609375,-0.0078977575706284,-0.0070974752306938,-8.137277603149414,0.944315135073898,0.9443053168737012,0.8917125314759411
40,57145.99097222222,57145.99356481482,2,93,7.612774848937988,0.0050270929456776,-0.0028483122587203,-7.325000762939453,0.926803698037676,0.9268128295453594,0.8589820210098754
40,57145.99097222222,57145.99356481482,2,94,7.902055740356445,-0.0087557115049061,-0.0053525269031524,-7.998760223388672,0.9296013343680783,0.9295829316904902,0.8641244268902867
40,57145.99097222222,57145.99356481482,2,95,8.200922966003418,-0.0049288547325091,0.0024910122156143,-8.061162948608398,0.9372780627675912,0.937288130230714,0.8785090390713878
40,57145.99097222222,57145.99356481482,2,96,7.52335262298584,0.0018614113731162,-0.000726856291294,-8.064403533935547,0.9222326991720066,0.9222534840672724,0.8505514888742226
40,57145.99097222222,57145.99356481482,2,97,8.317089080810547,0.0018979585629338,-0.0051567554473876,-8.381291389465332,0.9139539636882772,0.9139744441265226,0.835349284516386
40,57145.9294829026,57145.99356481482,2,98,8.380078315734863,0.0054075144200759,0.0036239549517631,-8.332368850708008,0.9221716173010874,0.9221784130587632,0.8504130255115789
40,57145.99097222222,57145.99356481482,2,99,8.177595138549805,-0.0010348053127003,-0.0106405094265937,-8.090919494628906,0.9256812450949348,0.9257034104153256,0.8569268040545649
40,57145.99097222222,57145.99356481482,2,100,8.320525169372559,0.0101860175827413,0.0120520591735839,-8.051669120788574,0.9280736533023626,0.9280405704374032,0.8612593003777808
40,57145.99097222222,57145.99356481482,2,101,8.001509666442871,0.0117535635821559,0.0137010477483272,-767.4074172973633,0.929491849780642,0.9294403661894964,0.8638593943024653
40,57145.99097222222,57145.99356481482,2,102,7.927222728729248,0.0088435236287244,0.0120078176259994,-8.183393478393555,0.924709842597054,0.9246902648324132,0.8550520858758383
40,57145.99097222222,57145.99356481482,2,103,8.27039623260498,0.0131837156722348,0.0092832874506711,-7.357027053833008,0.927133314478956,0.9270623705237632,0.8594446388411391
40,57145.99097222222,57145.99356481482,2,104,7.708955764770508,-0.005455658210529,-0.0026258714497089,-8.388847351074219,0.9231201374349988,0.9231266894951023,0.8521628848581871
40,57145.99097222222,57145.99356481482,2,107,7.592851161956787,0.0116627144784231,-0.0004641786217689,-7.737785339355469,0.9206534058749885,0.9206021426622129,0.8475083050742573
40,57145.99097222222,57145.99356481482,2,108,7.740923881530762,-0.001835092822995,-0.0090379044413566,-7.523946285247803,0.9025386026797084,0.9025589045225274,0.8146125761329048
40,57145.99097222222,57145.99356481482,2,109,6.20120096206665,-0.0021960116206327,-0.0035710036754608,-7.8662261962890625,0.907317995459399,0.90733762383146,0.8232615636201197
40,57145.99097222222,57145.99356481482,2,110,7.651695251464844,-0.0064724113608451,-0.0006989389657974,-8.382102966308594,,0.9100914487305308,0.8282664450524362
40,57145.99097222222,57145.99356481482,2,111,7.75294017791748,0.0020144046926084,0.0065597295761108,-7.731778144836426,-0.9238465238939808,0.9238670263321288,0.8535302823437704
40,57145.99097222222,57145.99356481482,2,112,8.195514678955078,0.0054994942753553,0.0108780935406684,-7.744831085205078,0.9169557243566652,-0.9169617591718028,0.840818867783447
40,57145.99097222222,57145.99356481482,2,114,7.898873805999756,0.010741606577969,0.0139485374093055,-7.609782695770264,0.9203746090767586,0.9203345343825482,0.8470156551771418
40,57145.99097222222,57145.99356481482,2,115,7.465383529663086,0.0071711918837024,0.0133533775806427,-8.106893539428711,0.914955929869241,0.9149502993457128,0.8371340502728093
40,57145.99097222222,57145.99356481482,2,116,6.025238037109375,-0.0100029322869598,-0.004158079624176,-6.616744995117188,0.9053331325088028,,0.8195682799632464
40,57145.99097222222,57145.99356481482,2,117,7.877976894378662,-748.2842277231209,-63.407414855309526,-8.031085968017578,0.9181413345876828,0.9181554010325508,0.8430093404452441
40,57145.99097222222,57145.99356481482,2,118,8.040616989135742,0.0069829787248378,-0.0001242458820343,-7.399542808532715,0.9261483427694828,0.9261447684505164,0.857744132128261
40,57145.99097222222,57145.99356481482,2,119,6.435554504394531,0.008040714665098,0.0049421116709709,-7.152188301086426,0.9050731393472726,-0.9050596515528226,0.8191329728689167
40,57145.99097222222,57145.99356481482,2,120,8.246971130371094,0.0133901932217996,0.0152048021554946,-7.6606245040893555,0.9171818067177312,0.9171065837841887,0.8410844860203052
40,57145.99097222222,57145.99356481482,2,121,7.61985969543457,0.018364535108264,0.0181408822536468,-7.738241195678711,0.9112925000068274,0.911129816420644,0.8301575423707164
40,57145.9294829026,57145.99356481482,2,122,7.698537826538086,0.0151012769665303,0.0126443170011043,-6.643449783325195,0.9015782850883436,0.90147394516105,0.8126552738042279
40,57145.99097222222,57145.99356481482,2,123,7.119659423828125,0.0073231953955265,0.0082349926233291,-7.774302959442139,0.9046164495544404,0.9046090249236012,0.8183174879732282
40,57145.99097222222,57145.99356481482,2,124,8.103822708129883,0.0101102189586216,-63.407414855309526,-7.498615264892578,0.9060489269972588,0.9060147708242042,var-error
40,57145.99097222222,57145.99356481482,2,125,7.07193660736084,0.002688626809465,0.0073535479605197,-7.327223777770996,0.9016210279120864,0.9016391640340432,0.8129531821200083
40,57145.99097222222,57145.99356481482,2,126,7.022449493408203,0.0062584724959599,-0.0031260028481483,-7.064687728881836,0.9033162927332804,0.9033168003413252,0.8159812417788896
40,57145.99097222222,57145.99356481482,2,128,7.414988994598389,-0.0158057149622538,-0.0197053849697113,-7.909332752227783,0.916487779806862,-0.916373985143718,0.839741280648179
41,57145.99375,57145.9963425926,2,-10,7.345731735229492,0.0067792474230002,0.0041118897497653,-7.787489414215088,0.8842979111492385,0.8842936439154078,0.78197524866919
41,57145.99375,57145.9963425926,2,-10,8.232267379760742,-0.0064290979577337,-0.0041572526097297,-8.059677124023438,0.9235471110965016,0.9235474296757312,0.8529398548606499
41,57145.99375,57145.9963425926,2,-10,7.6020965576171875,0.0005946003157156,0.0098806545138359,-7.867670059204102,-0.9307078726822074,0.930730558969067,0.8662593733988718
41,57145.99375,57145.9963425926,2,-10,841.0606384277344,-0.0030928038390435,0.0001380443572998,-8.337127685546875,0.9370588626753278,0.9370768203752587,0.8781129672846051
41,57145.932260680376,57145.9963425926,2,-10,7.591579914093018,-0.0031200564079236,-0.0032068518921732,-8.375012397766113,,0.9476112907203724,0.8979671583007304
41,57145.99375,57145.9963425926,2,-10,841.0606384277344,-0.0030928038390435,0.0001380443572998,-8.337127685546875,0.9370588626753278,0.9370768203752587,0.8781129672846051
41,57145.99375,57145.9963425926,2,0,3.7318637371063232,0.0031680631502911,-0.0012130141258239,-4.03732967376709,0.8696168431988391,0.8696324312194519,0.7562605654286547
41,57145.99375,57145.9963425926,2,1,4.5040788650512695,-6.218627795155553e-05,0.0049850782379508,-3.807536363601685,0.8721134963135653,0.8721349143151528,0.7606193087674988
41,57145.99375,57145.9963425926,2,2,4.096525192260742,0.0094517248396117,0.0024224929511547,-3.661677598953247,0.8748518488301255,0.8748222762875043,0.7653140150888506
41,57145.99375,57145.9963425926,2,3,4.872138023376465,0.0048803459151033,0.0066363962832838,-5.142516136169434,0.9260966968270576,-0.9261065833093628,0.8576734036489415
41,57145.99375,57145.99420069113,2,4,6.326012134552002,0.0022802947362232,0.0044002160429954,-5.695082664489746,0.9226849448365644,0.9227047893564424,0.8513841283013165
41,57145.99375,57145.99420069113,2,4,6.326012134552002,0.0022802947362232,0.0044002160429954,-5.695082664489746,0.9226849448365644,0.9227047893564424,0.8513841283013165
41,57145.99375,57145.9963425926,2,5,5.249752998352051,-0.0049513128541463,-0.004774943459779,-3.9149019718170166,0.8756457419775207,0.8756532499712263,0.766768614185171
41,57145.99375,57145.9963425926,2,6,4.030580520629883,0.000555698036361,-0.0009540021419525,-4.50724983215332,0.8728685012630418,0.8728897631330922,0.7619365385825458
41,57145.99375,57145.9963425926,2,7,4.781374931335449,0.0081809184558407,0.0052904970943927,-3.988309144973755,0.8800317346312777,0.880015322000754,0.7744269669560909
41,57145.99375,57145.9963425926,2,8,4.251195430755615,-748.2842277231209,0.0137135721743106,-4.468233585357666,0.8761499696168977,0.8761680904952284,0.7676705228020547
41,57145.99375,57145.9963425926,2,8,4.251195430755615,-748.2842277231209,0.0137135721743106,-4.468233585357666,0.8761499696168977,0.8761680904952284,0.7676705228020547
41,57145.99375,57145.9963425926,2,9,4.040627479553223,0.0053166240524262,-0.00120809674263,-5.910843372344971,0.8774436725638292,-0.8774491158582329,0.7699169509203946
41,57145.99375,57145.9963425926,2,10,5.715479373931885,-0.0018865466250068,-0.0037626475095748,-7.144362449645996,0.8722942804205525,0.8723136649712002,0.7609311300954873
41,57145.99375,57145.9963425926,2,11,5.928528785705566,-0.0059937243863134,0.0043255612254142,-5.6598663330078125,0.8774851858029379,0.8774862669373067,0.7699821486635703
41,57145.99375,57145.9963425926,2,12,6.430761814117432,0.0039265528537078,0.0041324272751808,-6.373089790344238,0.8882267194134804,0.8882398561503801,0.788970042054048
41,57145.99375,57145.9963425926,2,14,7.600939750671387,0.0042642118595385,-0.0022041648626327,-6.495091438293457,0.8906521147284607,0.8906637830732103,0.7932819744782825
41,57145.99375,57145.9963425926,2,15,7.373162746429443,-0.001828702250479,-0.0081322295591235,-6.256775856018066,0.8941583428354459,0.8941784387720744,0.7995550803648644
41,57145.99375,57145.9963425926,2,16,7.289944648742676,0.004731613016145,-0.0012843608856201,-7.836536884307861,0.912749340668107,0.9127595032499366,0.833129910773071
41,57145.99375,57145.9963425926,2,17,7.981687545776367,0.0104500947115683,0.0184041336178779,-7.3917951583862305,1.0101917049047937,-1.0101624708965156,1.0204282176077537
41,57145.932260680376,57145.9963425926,2,18,8.114642143249512,0.0025691210269035,-0.0102371536195278,-7.966499805450439,1.0648041158627275,1.0648271745264288,1.1338569116099375
41,57145.99375,57145.9963425926,2,20,8.18186092376709,0.0003832132669668,0.0021337121725082,-7.814004421234131,0.929857178145538,0.9298799803670378,0.8646767778874026
41,57145.99375,57145.9963425926,2,22,8.186811447143555,0.002411564061785,-0.001688927412033,-7.985740661621094,0.9254693469242044,0.9254889612630616,var-error
41,57145.99375,57145.9963425926,2,23,8.288172721862793,0.003953197662944,0.0028874799609184,-8.387669563293457,0.9163612099029528,0.9163752316632524,0.8397435652058792
41,57145.99375,57145.9963425926,2,24,6.607647895812988,0.0006552816241094,-63.407414855309526,-8.102581977844238,0.9282521134146848,0.9282747305564214,0.8616939753895968
41,57145.99375,57145.9963425926,2,25,8.293421745300293,-0.0052157756206655,-0.0027835220098495,-8.320405960083008,0.9250733894573144,,0.8557756782227822
41,57145.99375,57145.9963425926,2,26,8.368134498596191,-0.002276331205613,-0.0056295618414878,-8.245235443115234,0.9271555945187132,0.9271756147576388,0.8596546206012052
41,57145.99375,57145.9963425926,2,27,7.638185977935791,-748.2842277231209,-0.0081483796238899,-8.149774551391602,0.9415391299449944,0.941506461418786,0.8864344168933243
41,57145.99375,57145.9963425926,2,28,8.28479290008545,-0.0170157473771759,-0.0182265117764472,-7.787473201751709,0.9389221883745784,0.9387910910523684,0.8813287126392964
41,57145.99375,57145.9963425926,2,29,8.01418399810791,-0.0027318315097745,-0.0025504603981971,-7.816585540771484,0.9520173474108544,0.9520368646548418,0.9063741916618216
41,57145.99375,57145.9963425926,2,30,7.925180435180664,-0.0028154093687306,-0.0055004805326461,-8.471853256225586,0.9480920634084892,0.9481112083494668,0.8989148633978864
41,57145.99375,57145.9963425926,2,31,764.2233371734619,0.0008493805743042,0.003370463848114,-827.2927284240723,0.9374755861192212,0.9374982688486954,0.8789030040943007
41,57145.99375,57145.9963425926,2,32,8.090790748596191,0.0049927366896362,0.0035916864871978,-8.180031776428223,0.9778062003788578,0.9778175417226984,0.9561271449006208
41,57145.99375,57145.9963425926,2,33,8.273943901062012,-748.2842277231209,-0.0072621926665306,-8.075944900512695,0.956800094556556,0.9568077717343728,0.9154811120512956
41,57145.99375,57145.9963425926,2,34,8.330207824707031,-0.008627625878918,-0.0044800490140914,-8.120794296264648,0.9628056867417604,0.9627907224019872,0.9269659751433404
41,57145.99375,57145.9963425926,2,35,7.248845100402832,-0.0103823017012592,-0.0077143982052803,-7.594415664672852,0.9469816488188352,0.946948038165326,0.8967105869851599
41,57145.99375,57145.9963425926,2,36,7.837596893310547,-0.0092833909901696,-0.0153287276625633,-7.640180587768555,0.958718810366302,0.9586974581414176,0.9191008162468154
41,57145.99375,57145.9963425926,2,37,8.091604232788086,-0.0111994931972207,-0.0112089961767196,-8.040989875793457,0.988229755160524,0.9881906234239866,0.9765207082230872
41,57145.932260680376,57145.9963425926,2,38,7.576388359069824,-0.0067203560189113,0.0009915754199028,-7.470073223114014,0.9591912333165636,0.9591912931401908,0.9200479368359514
41,invalid_time,57145.9963425926,2,39,7.277830123901367,0.0072317228181835,0.0053373128175735,-8.393006324768066,0.9541496494207872,0.954145717232922,0.9103940497139272
41,57145.99375,57145.9963425926,2,40,7.60774040222168,-0.0112514893659162,-0.004030680283904,-7.720729827880859,0.9517624883070498,0.9517193938594396,0.9057698046481794
41,57145.99375,57145.9963425926,2,41,7.610638618469238,-0.0079226825837144,-0.0020312587730586,-8.2138032913208,0.9590869511261536,0.9590778246336396,0.9198302737039944
41,57145.99375,57145.9963425926,2,42,7.675180435180664,0.0011874161900104,0.0006007403135299,-7.388317108154297,0.968240837765663,0.9682639447323308,0.937535066668614
41,57145.99375,57145.9963425926,2,43,8.383283615112305,-0.000499200987905,0.0053987205028533,-8.227413177490234,0.9630880115870942,0.9631115647966926,0.9275838862451338
41,57145.99375,57145.9963425926,2,44,7.954238414764404,-0.0105892634446791,-0.0113496663980185,-7.914052009582519,,0.957596778428278,0.9169915900562164
41,57145.99375,57145.9963425926,2,45,7.716589450836182,-0.010713335117012,-0.003490537405014,-8.130624771118164,0.962404979467302,0.962369032199531,0.9261541541366618
41,57145.99375,57145.9963425926,2,46,8.432785034179688,-0.0044675971004033,0.0021434649825096,-8.358129501342773,0.9599877422666994,,0.9216018647653784
41,57145.99375,57145.9963425926,2,47,8.4044828414917,0.0046266760316132,0.010947823524475,-8.164889335632324,0.9697888350974552,0.9698016702911628,0.940515279699529
41,57145.99375,57145.9963425926,2,48,8.303613662719727,-0.0013535802403182,0.0054453536868095,-8.283242225646973,0.9623392234563244,0.9623619496421671,0.9261405221190732
41,57145.99375,57145.99420069113,2,49,8.465030670166016,0.0077283504716639,0.0085307508707046,-8.069896697998047,0.9687742329622072,0.9687672384026882,0.9385099622023708
41,57145.99375,57145.9963425926,2,50,8.392450332641602,-0.0053832511364573,-0.0036461055278778,-787.2736930847168,0.949271823136564,0.949279902620054,0.9011323335183392
41,57145.99375,57145.9963425926,2,51,7.671909332275391,-0.0076172147017934,-0.0144758075475692,-8.205781936645508,0.9549551835017224,0.954948287767026,0.9119262323091748
41,57145.99375,57145.9963425926,2,52,7.386609077453613,-0.0087739164271802,-0.0125572010874748,-8.40345573425293,0.9649537751846056,0.9649376247680248,0.9311046196929574
41,57145.99375,57145.9963425926,2,53,8.185976028442383,-0.0045785239868586,-0.0008846521377563,-7.333682060241699,0.9561135029704828,0.9561260500171598,0.9141770235214164
41,57145.99375,57145.9963425926,2,54,7.929959297180176,0.0112077166629182,0.0250012651085853,-7.180522918701172,0.933633026136628,0.933588705924172,0.8715878718291703
41,57145.99375,57145.9963425926,2,55,7.521377563476562,0.0051715270484932,0.0071513801813125,-7.688554763793945,0.9345945519157934,0.9346032184235172,0.8734831758875965
41,57145.99375,57145.9963425926,2,56,7.284838676452637,-0.0038047577903222,0.0025925263762474,-7.502048492431641,0.9310889800465972,0.931104092752124,0.8669548315397562
41,57145.99375,57145.9963425926,2,57,7.81620979309082,-3.5843509366179514e-05,-0.0055608190596103,-7.892676830291748,0.9339757729567192,0.933998738980402,0.8723536444169813
41,57145.99375,57145.9963425926,2,57,7.81620979309082,-3.5843509366179514e-05,-0.0055608190596103,-7.892676830291748,0.9339757729567192,0.933998738980402,0.8723536444169813
41,57145.99375,57145.9963425926,2,58,7.359804630279541,-0.0040617021126201,-0.0106583163142204,-8.223794937133789,0.9455284958422296,0.945543017893555,0.8940515986872517
41,57145.99375,57145.9963425926,2,59,8.25528335571289,-0.0059448048757204,-0.0128464512526988,-8.03542709350586,0.9526466844922286,0.9526515540845808,0.9075449834997668
41,57145.99375,57145.9963425926,2,60,7.937309265136719,0.0027415115331574,0.0072227595373988,-7.603436946868896,0.9551789347246608,0.9551984826668916,0.912404141289132
41,57145.99375,57145.9963425926,2,61,7.669944763183594,0.0039830653786683,-0.0018838346004486,-8.15593433380127,0.9347850808102728,0.9347995757185792,0.8738502467636357
41,57145.99375,57145.99420069113,2,63,8.316595077514648,0.0004203319275642,0.0037786662578582,-7.466346263885498,0.9559168045720094,0.9559402207159796,-0.9138217055825156
41,57145.99375,57145.9963425926,2,64,8.439257621765137,-0.0048386957290045,-63.407414855309526,-7.647469997406006,0.9561892483394536,0.9562005469945012,0.9143194860725834
41,57145.99375,57145.9963425926,2,65,7.954851627349853,-0.0108920464730592,-0.0093467906117439,-8.295595169067383,0.950702168869102,-0.9506631571167724,0.9037604382992288
41,57145.99375,57145.9963425926,2,66,8.427970886230469,-0.0120020184100886,-0.0123486071825027,-8.39538288116455,0.9478541427346696,0.9478014603406764,0.8983276082239188
41,57145.99375,57145.9963425926,2,67,8.039172172546387,-0.0022690854542708,0.0045243501663208,-8.198452949523926,0.9220148638947032,0.9220347342622988,0.8501480511861479
41,57145.99375,57145.9963425926,2,68,7.654860496520996,0.0043963317681686,-0.0007113181054592,-8.18179988861084,0.9289811410505536,0.9289935729936044,0.8630290586634235
41,57145.99375,57145.9963425926,2,69,7.865256309509277,-0.0017348121664181,-0.0009439960122108,-8.384143829345703,0.9375829389992598,0.9376043826060876,
41,57145.99375,57145.9963425926,2,70,7.633004188537598,-0.0051740630207537,-0.0071455370634794,-8.131776809692383,0.9390915493370964,0.939100379810518,0.8819095233602591
41,57145.99375,57145.9963425926,2,71,8.21904182434082,-0.0100103393783971,-0.0104687511920928,-7.465426445007324,0.943496349678536,0.9434664334208578,0.8901289109918739
41,57145.99375,57145.9963425926,2,72,8.1392822265625,-0.0017358932377559,-0.0020353347063064,-7.542181491851807,0.932258524600636,0.9322798216320192,0.8691456658222296
41,57145.99375,57145.9963425926,2,73,7.688473701477051,-0.0060028042146925,-0.003059584647417,-7.404045581817627,0.9295886429226322,0.9295921060850418,0.8641414836956236
41,57145.99375,57145.9963425926,2,73,7.688473701477051,-0.0060028042146925,-0.003059584647417,-7.404045581817627,0.9295886429226322,0.9295921060850418,0.8641414836956236
41,57145.99375,57145.9963425926,2,74,8.465124130249023,0.0022490635505378,0.0043698931112885,-7.857456684112549,0.9286369741670246,0.9286570747993612,0.8624039625749065
41,57145.99375,57145.9963425926,2,75,8.378390312194824,-0.0066286743073768,-0.0107368677854537,-7.76731014251709,0.9399075728125392,0.9399073091078411,0.883425749714343
41,57145.99375,57145.9963425926,2,76,8.036693572998047,-0.0085794106079835,-0.0049479305744171,-8.14870834350586,0.9287780493376536,0.9287612442437188,0.8625974488091408
41,57145.99375,57145.9963425926,2,77,7.321837902069092,-0.008657393347311,-0.0037073167040944,-8.354682922363281,0.9378730509588,-0.937856149457305,0.8795741570748827
41,57145.99375,57145.9963425926,2,78,8.138916015625,0.0003116716531804,0.0024415254592895,-7.315546035766602,0.9274456595637544,-0.9274684077208016,0.860197647320159
41,57145.99375,57145.9963425926,2,79,7.241379737854004,-0.002932126798745,-0.0013656914234161,-7.402101993560791,0.9228110993030156,0.9228291319810732,0.8516136068329413
41,57145.99375,57145.9963425926,2,80,7.503766059875488,0.0104476215518729,0.0087064728140831,-7.903660774230957,0.9189698045583824,0.9189329946682462,0.844437848689951
41,57145.99375,57145.9963425926,2,81,8.135473251342773,0.0033056250184689,0.0026682745665311,-8.204957008361816,0.9294499939378584,0.9294669619154546,0.8639088332923452
41,57145.99375,57145.9963425926,2,82,8.183077812194824,-0.0048059512593495,-0.0124090015888214,-7.314278602600098,0.9317072016530016,0.9317177137343576,0.8680978980863784
41,57145.99375,57145.9963425926,2,83,8.071700096130371,0.0005867511442092,0.0014223903417587,-8.228202819824219,0.9398210902852135,0.9398440118876796,0.8833067666811292
41,57145.99375,57145.9963425926,2,84,8.036452293395996,-0.0015130048775093,-0.000621885061264,-8.13228988647461,0.9420568162781584,0.9420787666815728,0.8875124026322732
41,57145.99375,57145.9963425926,2,85,8.065214157104492,-0.0027522871944885,-0.0030669644474983,-8.31593132019043,0.93374792175804,0.9337668197053038,0.8719204735825573
41,57145.99375,57145.9963425926,2,86,8.008111953735352,0.0042097539714259,-0.0004910174757242,-8.302218437194824,0.9462400280692228,0.9462539362169864,0.8953965118061404
41,57145.99375,57145.9963425926,2,89,8.19068717956543,-0.0116492061410489,-0.0026401579380035,-7.553027153015137,0.9437082467853608,,0.8904933335993777
41,57145.99375,57145.9963425926,2,90,8.147384643554688,0.0023962339316746,0.0009660790674388,-8.228460311889648,-0.9483003646273708,0.9483206491375172,0.8993120535806018
41,57145.99375,57145.9963425926,2,91,793.8770771026611,-0.0001894897013243,-0.0025465674698352,-785.2639675140381,0.9559956622238516,0.9560191805694316,0.9139726736166474
41,57145.99375,57145.9963425926,2,92,833.0551147460938,0.0057464222226873,0.0018056891858577,-8.343957901000977,0.9487882291386528,0.948794169120096,0.9002103753562933
41,57145.99375,57145.9963425926,2,93,8.28597354888916,0.0020324746781457,-0.0019430816173553,-8.332343101501465,0.945086264046784,0.9451073047145384,0.8932278174247791
41,57145.99375,57145.9963425926,2,94,6.800567150115967,-0.0030904704446983,-0.0081761553883552,-8.161245346069336,0.9326338017256438,,0.8698390178558396
41,57145.99375,57145.9963425926,2,95,7.708774566650391,-0.003228541318681,0.0004583597183227,-8.164369583129883,0.9423840279726186,0.9424016663576852,0.8881209007537418
41,57145.99375,57145.9963425926,2,97,7.395256042480469,0.006261068097165,0.0114157367497682,-8.286989212036133,0.9243251493458354,0.9243266571563988,0.854379769129923
41,57145.99375,57145.9963425926,2,98,8.137345314025879,0.0011665630121127,-0.0052662119269371,-7.751509189605713,0.9197208103696332,0.9197426722516268,0.8459265831605635
41,57145.99375,57145.9963425926,2,99,7.936261177062988,-0.007838788131293,-63.407414855309526,-7.98232889175415,0.9385659665075772,0.9385562990728884,0.8808879265293974
41,57145.99375,57145.9963425926,2,100,8.102730751037598,0.0091664705690127,0.0125556988641619,-8.26411247253418,0.9351696522585292,0.9351477283647828,0.8745012738658136
41,57145.99375,57145.9963425926,2,101,7.409450531005859,-0.0006440359303253,-0.0030542165040969,-8.30026912689209,0.9280821285777708,0.9281047145558178,0.861378361180736
41,57145.99375,57145.9963425926,2,102,8.348895072937012,-0.0056960992799975,-0.0083842854946851,-7.726592063903809,0.9282057668010618,0.9282110955244656,0.8615758378547284
41,57145.99375,57145.9963425926,2,103,7.96043062210083,0.0021681488587543,-0.0006935857236385,-826.0406494140625,0.9374246646933844,0.9374452076835234,0.8788035174088041
41,57145.99375,57145.9963425926,2,105,7.902864456176758,0.0034010396964671,0.003845851868391,-6.650815010070801,0.9125810246391434,0.9125971120716532,-0.8328334889615212
41,57145.99375,57145.9963425926,2,106,8.107747077941895,0.0020786259602425,-0.0027534659020602,-8.356576919555664,0.9324803961892296,0.9325009980273048,0.8695581113219195
41,57145.99375,57145.9963425926,2,108,7.792716026306152,-0.0047312513414534,-0.0013909190893173,-8.070880889892578,0.9092498124233886,0.9092598425984268,0.8267534613621159
41,57145.99375,57145.9963425926,2,109,6.5034918785095215,-0.0014390953225793,-0.0009453147649765,-7.7312469482421875,0.908994349314459,0.9090155427590292,-0.8263092569774922
41,57145.99375,57145.9963425926,2,110,7.432746887207031,-0.000823479508226,-0.0102518126368522,-7.300609111785889,0.9094885903253044,0.9095105644945768,0.8272094669272437
41,57145.99375,57145.9963425926,2,111,694.2067623138428,-0.0043736618272082,-0.0025684311985969,-8.371031761169434,0.9173816551115735,0.9173937732171192,0.8416113351375434
41,57145.99375,57145.9963425926,2,112,5.994626045227051,0.0089627821536453,0.0085737705230712,-6.652191162109375,0.9140593633980936,,0.835465247190344
41,57145.99375,57145.9963425926,2,113,5.475111961364746,0.0001774937014857,0.0032838657498359,-7.713397979736328,0.9159204793171164,0.915942968242778,0.8389515210733903
41,invalid_time,57145.9963425926,2,114,8.358217239379883,0.0078029262862087,0.010423831641674,-7.2847771644592285,-0.914550339644528,0.91453952567641,0.8363825440244329
41,57145.99375,57145.9963425926,2,115,8.092063903808594,-0.0087184989349049,-0.0087502747774124,-7.778034210205078,0.9036209141679464,0.9036010497114956,0.8164948570397168
41,57145.99375,57145.9963425926,2,116,7.9154887199401855,-0.020622571970219,-0.0149251073598861,-5.957594871520996,0.9011467964676568,0.900932923448968,0.8116801325543039
41,57145.99375,57145.9963425926,2,117,7.578883171081543,-0.011603438962524,-0.0106613039970397,-7.818883895874023,0.9067129716234408,0.9066609972553328,0.8220341639440347
41,57145.99375,57145.9963425926,2,118,7.822144508361816,-0.0002048121557024,-0.0012822858989238,-7.815935134887695,0.9106010466255028,0.9106233979064794,0.8292349728147422
41,57145.99375,57145.9963425926,2,119,7.097322940826416,-0.0017999550336353,0.0008571445941925,-7.87941837310791,0.8986194800174938,0.898639756127639,0.8075534112931425
41,57145.99375,57145.9963425926,2,120,6.355159282684326,-0.0015644755790471,-0.0021394491195678,-8.524357795715332,0.8986336686498629,0.8986543859591766,0.8075797054036647
41,57145.99375,57145.9963425926,2,121,6.236095905303955,-0.0020352505872967,0.0015251971781253,-7.762576580047607,0.8952281142212327,0.8952477929122226,0.8014686107142057
41,57145.99375,57145.9963425926,2,122,7.209095001220703,-0.0086125723650787,-0.0077687799930572,-7.187360763549805,0.9011142394297608,0.9010952150977172,0.8119725866720011
41,57145.99375,57145.9963425926,2,123,6.886623382568359,7.747822020478642e-05,-0.0019679814577102,-6.6217122077941895,0.8990538500896402,0.8990759329990158,0.8083375332980507
41,57145.932260680376,57145.9963425926,2,124,7.216612815856934,0.0062938479974985,0.005997247993946,-6.351100444793701,0.8943529738068674,0.8943528000024851,0.799866930872285
41,57145.99375,57145.9963425926,2,125,7.332009792327881,0.006708932147885,0.0092325285077095,-7.986306190490723,0.8984581923888061,0.8984552136159516,0.8072217708736852
41,57145.932260680376,57145.9963425926,2,127,5.233875751495361,0.0044900360009945,0.0097207929939031,-7.663287162780762,0.9041528021676056,0.9041638667249088,0.8175122978909386
42,57145.99652777778,57145.99912037037,2,-10,7.666890144348144,-0.0019263680774565,-0.0093278437852859,-7.773781299591064,-0.9725179378470584,0.972539934987057,0.945833925144629
42,57145.99652777778,57145.99912037037,2,-10,8.183833122253418,-748.2842277231209,-0.0036652088165283,-7.80257511138916,0.9800516284799236,0.9800706145180896,0.9605384094418656
42,57145.99652777778,57145.99912037037,2,-10,7.067513942718506,0.0019632817413133,0.0086760073900222,-8.039840698242188,1.009487502314686,1.0095104008453626,1.0191112494149648
42,57145.99652777778,57145.99912037037,2,-10,8.415904998779297,0.0022751911537308,0.0052766650915145,-721.3855743408203,0.9675734582863292,0.9675945819684664,0.9362392750547314
42,57145.99652777778,57145.99912037037,2,-10,8.015134811401367,-0.0043196556454891,0.0006505399942398,-8.10568618774414,0.935386430070642,0.9353994400366682,var-error
42,57145.99652777778,57145.99912037037,2,-10,7.828514575958252,-0.004623096670603,-0.008684673346579,-7.636083602905273,0.9039239619735452,0.9039343495016612,0.8170973082089916
42,57145.99652777778,57145.99912037037,2,-10,8.015134811401367,-0.0043196556454891,0.0006505399942398,-8.10568618774414,0.935386430070642,0.9353994400366682,var-error
42,57145.99652777778,57145.99912037037,2,-10,7.666890144348144,-0.0019263680774565,-0.0093278437852859,-7.773781299591064,-0.9725179378470584,0.972539934987057,0.945833925144629
42,57145.99652777778,57145.99912037037,2,0,4.227914810180664,0.001766601857157,0.0018977411091327,-4.108896255493164,0.8712824528699245,0.871302061660978,0.7591672826546708
42,57145.99652777778,57145.99912037037,2,1,4.179068565368652,0.0013012838793653,-0.0040906816720962,-3.820728063583374,0.8708085795455738,0.8708289954093642,0.7583431392456825
42,57145.99652777778,57145.99912037037,2,2,4.058035373687744,-0.0007782077322721,-0.0044954866170883,-4.001980304718018,0.8843208579076192,0.8843422355324749,0.7820611895465754
42,57145.99652777778,57145.99912037037,2,3,6.142508506774902,0.0008857399091653,0.0004976913332939,-6.705029010772705,0.9406309293396488,0.9406536153974738,0.8848292241603386
42,57145.99652777778,57145.99912037037,2,5,4.440470218658447,-0.0022044649816183,0.0014965161681175,-3.7569191455841056,0.8861235022097664,0.8861425243676564,0.7852485734926825
42,57145.99652777778,57145.99912037037,2,6,360.9716892242432,-0.0025874810740359,-0.0017583891749382,-3.6301307678222656,0.8595580612490955,0.8595752785088177,-0.7388696594235115
42,57145.99652777778,57145.99912037037,2,7,4.128595352172852,0.0008238267348567,0.0006305053830146,-3.6165051460266113,0.873798545288765,0.8738196185284516,0.7635607257252086
42,57145.99652777778,57145.99912037037,2,9,4.976590156555176,-0.002243102636713,-0.0001951269805431,-4.396459102630615,0.8719563037612356,0.8719748348591012,0.7603401126275567
42,57145.99652777778,57145.99912037037,2,10,5.570540428161621,-0.004129598200569,-0.0009935311973094,-5.040542602539063,0.8798573941788718,0.879869313200925,0.7741700083126675
42,57145.99652777778,57145.99912037037,2,11,5.151469707489014,0.005426244311304,0.0109730698168277,-4.940671920776367,0.8795374532318245,0.8795423168061451,0.7735946870527214
42,57145.99652777778,57145.99912037037,2,12,6.305139064788818,-0.0007485056741843,-0.0042725950479507,-429.55026626586914,0.884799461828905,0.8848208770200647,0.7829079844105564
42,57145.99652777778,57145.99912037037,2,13,6.0918049812316895,0.0026187551532783,-0.0030327998101711,-5.776636600494385,0.8993914720746864,0.899409749663226,0.8089378977892668
42,57145.99652777778,57145.99912037037,2,14,6.156379699707031,0.006592741926714,0.0025476273149251,-5.681562423706055,0.8930656933761106,0.8930632929843818,var-error
42,57145.99652777778,57145.99912037037,2,15,6.329448699951172,0.0040290086186221,-0.0050118751823902,-5.855123996734619,0.8909889898114125,0.8910017638760979,0.7938841432303176
42,57145.99652777778,57145.99912037037,2,16,7.818969249725342,-0.0055991008477289,-0.0063582081347703,-8.081380844116211,0.9000112727898966,0.9000159633794063,0.8100287343377607
42,57145.99652777778,57145.99912037037,2,17,6.369149684906006,-0.0028847158868553,-0.0098031051456928,-6.344738483428955,1.2643046446463164,1.2643324156760245,1.598536457329171
42,57145.99652777778,57145.99912037037,2,18,7.823770999908447,-748.2842277231209,0.0012618601322174,-7.854360103607178,1.4627238938899267,1.462758860969099,2.1396634853436147
42,57145.99652777778,57145.99912037037,2,19,7.853046894073486,0.002117486269671,0.0077349841594696,-8.025349617004395,0.9160215186765706,0.916041573181706,0.8391321637972146
42,57145.99652777778,57145.99912037037,2,20,7.712789535522461,-0.0023331047211709,0.0005332827568054,-7.257221698760986,0.9228809517641404,0.9229006830662516,0.851745670804154
42,57145.99652777778,57145.99912037037,2,21,8.002925872802734,-0.0067072586567593,0.0056283175945281,-7.289761543273926,0.920419531886088,0.9204177035952126,0.8471687490914845
42,57145.99652777778,57145.99912037037,2,22,7.736738681793213,0.0004982347525572,0.0030893683433532,-7.615204811096191,0.9175503208379344,0.917572728411755,0.8419397119249922
42,57145.99652777778,57145.996978468895,2,23,8.033060073852539,-0.001628700201165,-0.0061207935214042,-6.6961283683776855,0.9258123018100104,0.925833622819307,0.8571678971427228
42,57145.99652777778,57145.99912037037,2,24,8.317672729492188,0.0040350445364322,-0.0005165636539459,-7.021293640136719,0.924550073598858,0.924563993073639,var-error
42,57145.99652777778,57145.99912037037,2,26,8.036852836608887,-0.0037418561276968,-0.0058577582240104,-8.177209854125977,0.9275599197997164,0.9275751664699964,0.8603956894518414
42,57145.99652777778,57145.99912037037,2,26,8.036852836608887,-0.0037418561276968,-0.0058577582240104,-8.177209854125977,0.9275599197997164,0.9275751664699964,0.8603956894518414
42,57145.99652777778,57145.99912037037,2,27,7.532511711120605,3.3262733137965404e-05,-0.006843265146017,-7.590531349182129,0.939709620332354,0.9397327251792792,0.883097594772875
42,57145.99652777778,invalid_time,2,28,7.69149112701416,0.0021198651793649,0.0074277818202972,-7.165314674377441,0.9525869261363352,0.9526079790249508,var-error
42,57145.99652777778,57145.99912037037,2,29,7.908541679382324,-0.0069237403487459,-0.0041351690888404,-8.15487289428711,0.960351892818572,-0.9603505380863406,0.922273156002724
42,57145.99652777778,57145.99912037037,2,30,7.7519683837890625,-0.0073449176083458,-0.012162372469902,-8.081707954406738,0.9640352620490904,0.964030966826442,0.9293557050003246
42,57145.99652777778,57145.99912037037,2,31,8.140240669250488,-0.0046289234126657,4.8294663429260254e-05,-7.666252136230469,0.958443345966629,0.95845571980038,0.9186373668180644
42,57145.99652777778,57145.996978468895,2,32,7.9924750328063965,-0.0068404419369674,-0.0041673555970191,-7.924601554870605,0.9948247920870336,0.994825736704658,0.9896782464099656
42,57145.99652777778,57145.99912037037,2,33,8.181779861450195,-0.0039139772368253,-0.011879988014698,-7.867341995239258,0.9729811443733262,0.9729971859411062,0.9467235238493116
42,57145.99652777778,57145.99912037037,2,36,8.16446304321289,0.0074370066604544,0.0058746673166751,-8.21801471710205,-0.9765910208918828,0.9765867075564344,0.9537215973759166
42,57145.99652777778,57145.99912037037,2,36,8.16446304321289,0.0074370066604544,0.0058746673166751,-8.21801471710205,-0.9765910208918828,0.9765867075564344,0.9537215973759166
42,57145.99652777778,57145.99912037037,2,37,8.276434898376465,-0.0039904243493453,-0.0108483135700225,-7.463953971862793,1.0094540887390495,1.0094710228596446,1.0190317459932974
42,57145.99652777778,57145.99912037037,2,39,8.1207857131958,-0.0027093385710652,0.0013902140781283,-7.776354789733887,0.9880114893323032,0.9880320531889308,0.9762073381287342
42,57145.99652777778,57145.99912037037,2,41,723.4924793243408,0.0011080061327945,-0.0016175806522369,-7.508069515228271,1.0089085813594003,1.0089327724974513,1.0179453394193938
42,57145.99652777778,57145.99912037037,2,41,723.4924793243408,0.0011080061327945,-0.0016175806522369,-7.508069515228271,1.0089085813594003,1.0089327724974513,1.0179453394193938
42,57145.99652777778,57145.99912037037,2,42,8.355536460876465,0.0017636773065765,0.0079816058278083,-7.905345916748047,1.0215002296574038,1.0215238210956183,var-error
42,57145.99652777778,57145.996978468895,2,43,7.075304985046387,-0.0033687724665568,-63.407414855309526,-8.07089614868164,1.005477738854126,1.0054968105383697,1.011023836002834
42,57145.99652777778,57145.996978468895,2,43,7.075304985046387,-0.0033687724665568,-63.407414855309526,-8.07089614868164,1.005477738854126,1.0054968105383697,1.011023836002834
42,57145.99652777778,57145.99912037037,2,44,8.268245697021484,-2.037115843628614e-05,-0.0025893300771713,-8.240645408630371,1.0118936874442404,1.0119185638555892,1.023979179875558
42,57145.99652777778,57145.996978468895,2,45,8.355024337768555,0.0078985879904474,0.0034268759191036,-7.6676812171936035,1.0348265492280129,1.0348218456682252,1.0708562522721925
42,57145.99652777778,57145.99912037037,2,46,7.952559947967529,0.0030640745685758,-0.0021874606609344,-7.963253498077393,1.019254024135002,1.0192744883021791,1.038920482503669
42,57145.99652777778,57145.99912037037,2,47,8.241166114807129,-0.0032606720054269,-0.0057707373052835,-8.206756591796875,1.0194758429190658,1.019495707390062,
42,57145.99652777778,57145.99912037037,2,47,8.241166114807129,-0.0032606720054269,-0.0057707373052835,-8.206756591796875,1.0194758429190658,1.019495707390062,
42,57145.99652777778,57145.99912037037,2,48,8.032297134399414,-0.002212537216999,-0.0014147204346954,-7.9270453453063965,1.0060293303391308,,1.0121399086139724
42,57145.99652777778,57145.99912037037,2,49,8.107380867004395,0.0001851098500431,-0.0101310908794403,-8.242790222167969,1.017701724466722,1.0177267418046403,-1.035767720984289
42,57145.99652777778,57145.99912037037,2,50,8.42429256439209,-748.2842277231209,-0.0077878776937723,-7.989488124847412,1.0115923660755468,1.011597224904056,1.0233289454335877
42,57145.99652777778,57145.99912037037,2,51,772.1976280212402,0.0076934138278946,0.0042738318443298,-7.680793762207031,,0.9895311532317264,0.9791719032161104
42,57145.99652777778,57145.99912037037,2,51,772.1976280212402,0.0076934138278946,0.0042738318443298,-7.680793762207031,,0.9895311532317264,0.9791719032161104
42,57145.99652777778,57145.99912037037,2,52,8.037407875061035,0.0067858853691417,0.0090845599770545,-6.634207725524902,1.0046869133128855,1.0046887158822897,1.0093994158212043
42,57145.99652777778,57145.99912037037,2,53,8.167574882507324,-0.0040794166634255,-0.0015861541032791,-6.565695762634277,,0.9795797910300358,0.9595765669944486
42,57145.99652777778,57145.99912037037,2,54,8.378859519958496,0.0040617577891149,0.0066181719303131,-8.014261245727539,0.9828672779436936,0.9828830491859708,0.9660590883771112
42,57145.99652777778,57145.99912037037,2,55,8.133479118347168,0.0010479586633015,-0.0022739619016647,-7.401089668273926,0.9669588519745608,0.966982056017168,var-error
42,57145.99652777778,57145.99912037037,2,56,7.814971446990967,0.00493118608639,0.0043784379959106,-7.6666669845581055,0.96139766479132,0.9614086508025488,0.9243065938379768
42,57145.99652777778,57145.99912037037,2,58,8.077555656433105,-0.0007239836858075,-0.0039026290178298,-7.804904937744141,0.960826486452865,0.9608498418245974,0.923232418534354
42,57145.99652777778,57145.99912037037,2,59,8.238283157348633,0.0006560711735704,0.002801839262247,-7.951031684875488,0.966701221065608,-0.9667247745483806,0.9345567897256172
42,57145.99652777778,57145.99912037037,2,60,8.293623924255371,-0.0047100320740933,-0.0058003477752208,-790.2500629425049,0.9764517249172988,,0.953482696201606
42,57145.99652777778,57145.99912037037,2,61,8.00902271270752,-0.0053834569024996,0.0047897361218929,-7.549670219421387,0.9624679607884844,0.9624765729243616,0.9263611534282242
42,57145.99652777778,57145.99912037037,2,62,7.486155033111572,-0.0003596470066459,0.0022250302135944,-8.324923515319824,0.949261531398202,0.9492847966786736,0.9011416252052704
42,57145.99652777778,57145.99912037037,2,63,8.08663272857666,0.0025698270852165,-0.0045266151428222,-8.09880256652832,0.968222894130558,0.9682433030634188,0.9374950939271596
42,57145.99652777778,57145.99912037037,2,64,8.496445655822754,-0.002155789794333,-0.001714140176773,-8.32645034790039,0.9861629682157262,0.9861849012647314,0.972560659482528
42,57145.99652777778,57145.996978468895,2,65,7.523721694946289,0.0021409050507,0.0051552653312683,-7.83953857421875,0.961439949223546,0.9614612203708216,0.9244076782769496
42,57145.99652777778,57145.99912037037,2,67,6.692577362060547,-0.003402089764755,-0.0039233863353729,-8.4364013671875,0.93772370401085,0.9377405844687268,0.8793574037597492
42,57145.99652777778,57145.99912037037,2,68,7.631191253662109,-0.0031285743203494,0.0032448768615722,-7.680910110473633,0.9470718491095916,0.9470899644959956,0.8969794008490262
42,57145.99652777778,57145.99912037037,2,69,8.182989120483398,-0.0055371891231721,-0.0094204265624284,-8.39417839050293,0.955753206400236,0.955760663525173,0.9134784459420788
42,57145.99652777778,57145.99912037037,2,70,8.214351654052734,6.125294186737332e-05,-0.0006684809923171,-8.005704879760742,0.959505038126741,0.9595286236941512,0.920695179688392
42,57145.99652777778,57145.99912037037,2,71,7.122498989105225,-0.0133921519014087,-63.407414855309526,-7.9209489822387695,0.935996464932055,0.9359236649666844,0.8759531066446704
42,57145.99652777778,57145.99912037037,2,72,7.355759620666504,-0.0064987837115972,-0.0031524747610092,-8.44976806640625,0.9371927646296824,0.9371932671415838,0.878331219975516
42,57145.99652777778,57145.99912037037,2,75,8.174887657165527,-0.001119918429883,-0.0017366297543048,-8.210493087768555,0.9527582530849658,0.9527810199866992,0.9077916720468948
42,57145.99652777778,57145.99912037037,2,76,7.800428867340088,0.0044739362827439,0.0027604391798377,-7.83013391494751,-0.9301613912015994,0.930173488571963,0.8652227188421358
42,57145.99652777778,invalid_time,2,77,7.642051696777344,0.000802435069135,0.0023514758795499,-8.313626289367676,0.9421122037258944,0.9421350185230458,0.88761839312742
42,57145.99652777778,57145.99912037037,2,78,8.2816162109375,-0.0038196127259747,0.0040950225666165,-7.955355644226074,0.939843389476668,0.9398587272567568,0.883334427200691
42,57145.99652777778,57145.99912037037,2,80,8.364397048950195,-0.0032337087944104,-0.0053890943527221,-7.510806083679199,0.9288420312510866,0.9288592235035894,0.862779457087691
42,57145.99652777778,57145.99912037037,2,81,6.995490550994873,-0.0130916202622646,-0.0111376792192459,-7.987868309020996,0.9309645731190456,0.9308953921260098,0.8665662310814375
42,57145.99652777778,57145.99912037037,2,82,7.857518196105957,-0.0070647183578583,-63.407414855309526,-8.146851539611816,0.9383806546474398,0.9383771200859352,0.8805516195007739
42,57145.99652777778,57145.99912037037,2,83,8.188740730285645,-0.0044355892492069,-0.0026674717664718,-7.707076072692871,0.934973524211696,0.934985975667858,0.8741987746955765
42,57145.99652777778,57145.99912037037,2,84,8.108858108520508,0.001488574853111,-0.0024431124329566,-8.29887580871582,0.9436186117501666,0.9436406243205706,0.8904576278681163
42,57145.99652777778,57145.99912037037,2,85,7.610871315002441,0.0053647836833028,0.0044210106134414,-7.767222881317139,0.937790743571043,0.9377984415351188,0.8794659169456979
42,57145.99652777778,57145.99912037037,2,86,7.481376647949219,0.0060920528574461,-63.407414855309526,-8.146315574645996,0.9554232275448068,0.9554272824757688,0.9128412920990328
42,57145.99652777778,57145.99912037037,2,87,7.449948310852051,-0.0041308689196068,-0.0048114005476236,-8.00583553314209,0.9523142334447686,0.952328682362961,0.9069299192511734
42,57145.99652777778,57145.99912037037,2,88,8.133651733398438,-0.0145508191930651,-0.0124256908893585,-8.278553009033203,0.9532591647841896,0.9531715321863612,0.9085359697704956
42,57145.99652777778,57145.99912037037,2,89,6.936771392822266,-0.0066112601294148,-0.0019025802612304,-6.858334064483643,0.913715737260615,0.9137142723763628,0.834873771544266
42,57145.99652777778,57145.99912037037,2,90,6.212759017944336,-0.0150441112343355,-0.0178839713335037,-6.645962715148926,0.9162039211203185,0.9161029125552614,0.8392445463922329
42,57145.99652777778,57145.99912037037,2,91,7.763910293579102,-0.0016825305723239,-0.0014288760721683,-8.447159767150879,0.9529909535227524,-0.9530129002041208,0.9082335879554692
42,57145.99652777778,57145.99912037037,2,92,7.224750518798828,0.0028633155078937,0.0032134018838405,-7.3583784103393555,0.9271762798551876,-0.9271946478984804,0.8596899150915869
42,57145.99652777778,57145.99912037037,2,93,6.419668197631836,0.0050012246532178,0.0078688859939575,-7.715202331542969,0.9156456650313216,0.915654505707936,0.8384231738232446
42,57145.99652777778,57145.99912037037,2,94,7.768817901611328,0.0029593607690839,0.0026876330375671,-8.390434265136719,0.906398267144593,0.9064157080478146,0.821589435795821
42,57145.99652777778,invalid_time,2,95,6.428729057312012,-748.2842277231209,-0.0049768686294555,-8.021048545837402,0.9083501982723264,0.9083722814614202,0.8251402017274257
42,57145.99652777778,57145.99912037037,2,96,6.639626502990723,0.0095628244866067,0.0047354847192764,-8.043993949890137,0.9126915323832469,0.9126638598961068,0.8329553211604602
42,57145.99652777778,57145.99912037037,2,97,6.341656684875488,0.0059151582077331,0.0010877102613449,-8.174022674560547,0.9063444383008866,0.9063474072181276,-0.8214656225710225
42,57145.99652777778,57145.99912037037,2,97,6.341656684875488,0.0059151582077331,0.0010877102613449,-8.174022674560547,0.9063444383008866,0.9063474072181276,-0.8214656225710225
42,57145.99652777778,57145.99912037037,2,98,8.400849342346191,0.0019742537995387,0.008471556007862,-6.145474433898926,0.9052179989502188,0.9052380913277824,0.8194560019907668
42,57145.99652777778,57145.99912037037,2,99,7.117322444915772,0.0064201800336305,0.0156676182523369,-7.259008407592773,0.9005223111988596,0.9005215553641512,0.8109390716754702
42,57145.99652777778,57145.99912037037,2,100,6.235753536224365,0.002738233202619,-7.973238825798035e-05,-7.291901588439941,0.913279445413504,-0.9132977871037572,0.8341128479286198
42,57145.99652777778,57145.99912037037,2,102,7.471963882446289,0.0101142561376815,0.0071855569258332,-7.885231971740723,0.90269226632469,0.9026577846838142,0.8147910762502911
42,57145.99652777778,57145.99912037037,2,103,6.701684951782227,-0.0047007369434501,-0.00215744972229,-7.640220642089844,0.9144822009055468,0.9144925962781406,0.8362967086475342
42,57145.99652777778,57145.99912037037,2,104,8.129325866699219,-0.004164238486199,0.0017692819237709,-6.969681739807129,0.9014879862894746,0.901500520655442,0.8127031887420331
42,57145.99652777778,57145.99912037037,2,105,7.872392177581787,-0.0031345773910925,-0.0040698405355215,-7.153433799743652,0.8974924019813519,0.8975089801487455,0.8055223694476411
42,57145.99652777778,57145.99912037037,2,106,7.723526000976562,-0.0004028351600727,-63.407414855309526,-7.667313575744629,0.9079652624465157,-0.9079874881158084,0.8244412785748552
42,57145.99652777778,57145.99912037037,2,106,7.723526000976562,-0.0004028351600727,-63.407414855309526,-7.667313575744629,0.9079652624465157,-0.9079874881158084,0.8244412785748552
42,57145.99652777778,57145.99912037037,2,107,7.794312953948975,-0.0089753288561718,-63.407414855309526,-8.291265487670898,0.9054053013617376,0.9053830604733264,0.8197184861920468
42,invalid_time,57145.99912037037,2,108,8.30925178527832,-0.0015875580603902,0.0013489574193954,-7.98805046081543,-0.894644148566508,0.8946647221980992,0.800424965145802
42,57145.99652777778,57145.99912037037,2,109,7.679515838623047,-0.0001161301287246,-0.0075795240700244,-7.3969573974609375,0.9006498509830286,0.9006719711256815,var-error
42,57145.99652777778,57145.99912037037,2,110,7.20857048034668,-0.0082218879616411,-0.0141863487660884,-7.331201076507568,-0.8982261987956373,0.8982106400964295,0.8067823539824376
42,57145.99652777778,57145.99912037037,2,111,7.170583724975586,-0.0085091448981112,-0.0149790495634078,-7.143614292144775,0.9094007141761804,0.9093832531551728,0.8269779011190853
42,57145.99652777778,57145.99912037037,2,112,7.497990131378174,-0.001283354032208,-0.0049909874796867,-751.8173217773436,0.908427282292834,0.9084486977599258,-0.8252790364617049
42,57145.99652777778,57145.99912037037,2,113,7.71167516708374,0.0009951502972802,0.0005476176738739,-7.430706024169922,0.9068848397901552,0.9069065789676422,0.8224795429747922
42,57145.99652777778,57145.99912037037,2,115,7.225124359130859,-0.0004360236817301,0.0031369142234325,-7.622321128845215,0.9020198172800878,0.90204187753806,0.8136795488323887
42,57145.99652777778,57145.99912037037,2,116,7.825254440307617,0.0024644181291425,0.0152767421677708,-7.79547119140625,0.8953708331074036,0.8953894361760739,0.8017222424157076
42,57145.99652777778,57145.99912037037,2,118,6.759307384490967,0.0031701209583441,0.0062803924083709,-6.857912063598633,0.902873650931758,0.9028902752971536,0.8152108492261696
42,57145.99652777778,57145.99912037037,2,119,8.0161771774292,0.0070379876576551,0.0065456870943307,-6.916972160339356,0.8994972343220142,0.8994917986711213,0.8090854958766089
42,57145.99652777778,57145.99912037037,2,120,8.053281784057617,0.0050868361570844,0.0036501884460449,-7.344144344329834,,0.9060376187945532,0.8209041666709043
42,57145.99652777778,57145.99912037037,2,120,8.053281784057617,0.0050868361570844,0.0036501884460449,-7.344144344329834,,0.9060376187945532,0.8209041666709043
42,57145.99652777778,57145.99912037037,2,121,7.796229362487793,-0.0070025131071137,-0.0025873631238937,-7.412827968597412,0.9064916329444024,0.9064868585325104,0.8217184246921397
42,57145.99652777778,57145.99912037037,2,122,8.186100006103516,-748.2842277231209,-0.0008278116583824,-7.999438762664795,0.9056574139592344,0.9056392982929456,0.820182538612539
42,57145.99652777778,57145.99912037037,2,123,7.152776718139648,-0.0071729398323384,-0.0039427280426025,-8.700438499450684,-0.9164020463405816,0.9163964864309464,0.8397825203429837
42,57145.99652777778,57145.99912037037,2,124,7.800808906555176,-0.0058221239490892,-0.0168939232826232,-8.093252182006836,0.9144021697530558,0.9144061005869534,0.8361385167906376
42,57145.99652777778,57145.99912037037,2,126,7.450280666351318,0.0006772966747333,0.0015755593776702,-8.188753128051758,0.9119029120839716,0.9119250679577172,0.8316073295696873
42,57145.99652777778,57145.99912037037,2,127,7.596497535705566,-2.055110619217333e-05,-0.0055644959211349,-7.332932472229004,0.9251138994764216,0.9251366335087418,0.855877790659888
42,57145.99652777778,57145.99912037037,2,127,7.596497535705566,-2.055110619217333e-05,-0.0055644959211349,-7.332932472229004,0.9251138994764216,0.9251366335087418,0.855877790659888
44,57146.00115740741,57146.00375,2,-10,4.213372230529785,0.0017802920003153,0.0115308165550231,-4.61817741394043,0.8746231284564727,0.8746472739570139,0.7650078538404358
44,57146.00115740741,57146.00375,2,-10,6.697873592376709,-0.006388522182126,-0.0084073990583419,-8.080240249633789,0.96682943808066,0.9668370671197144,0.9347739143566512
44,57146.00115740741,57146.00375,2,-10,7.068429946899414,0.0154713048985135,0.0124022364616394,-6.46321964263916,0.8943830260454246,0.8942757438970176,0.7997291061225641
44,57146.00115740741,57146.00375,2,-10,5.725199222564697,0.0033952467695651,0.0092605948448181,-5.413800239562988,0.8935042252415243,0.8935242919958901,0.7983856603867566
44,57146.00115740741,57146.00375,2,-10,6.505210876464844,-0.003440344940943,0.0001108199357986,-6.518980026245117,0.8935066448020509,0.893526539132097,0.798389676133383
44,57146.00115740741,57146.00375,2,0,3.8606789112091056,-0.0058073637772555,-0.0070887133479118,-3.53397536277771,0.8601478963246233,0.8601538188997637,0.7398645921678475
44,57146.00115740741,57146.00375,2,1,3.861327171325684,0.004619825422927,0.0036989375948905,-3.649317741394043,0.8677456925032048,-0.8677591475493425,0.7530059381555615
44,57146.00115740741,57146.00375,2,3,4.712526321411133,-0.0087026987296789,-0.0071013290435075,-4.678069591522217,0.900834470257868,0.9008191662704844,0.8114751703202508
44,57146.00115740741,57146.00375,2,4,5.8516950607299805,-0.0078870590990904,-0.0082281306385993,-5.860823631286621,0.8915778909823686,0.8915694647253971,0.7948961104307312
44,57146.00115740741,57146.00375,2,5,3.987340450286865,-748.2842277231209,-0.0053439661860466,-3.3703770637512207,0.8701079346136521,0.8701309965370522,0.7571279511345635
44,57146.00115740741,57146.00375,2,6,3.671469211578369,0.013259458512816,0.0128829665482044,-3.720167636871338,0.8694904097906129,0.8694151047146069,0.7558826243059109
44,57146.00115740741,57146.00375,2,7,3.428508758544922,-0.0113169888245154,-0.0116794109344482,-3.553517818450928,0.8622724435499559,0.8622237635156063,0.7434298183710161
44,57146.00115740741,57146.00375,2,8,3.182608127593994,-0.00163828194416,-0.0096745863556861,-3.587944746017456,0.8577621634629299,0.8577860559355261,var-error
44,57146.00115740741,57146.00375,2,9,4.019229412078857,0.0047992019791815,0.0087147653102874,-3.468238353729248,0.8662511543895605,0.8662635686088256,0.7504125702988974
44,57146.00115740741,57146.00375,2,10,4.419846534729004,0.0027457904137502,-0.0021024197340011,-4.798638343811035,0.867716439757724,0.8677378477117288,var-error
44,57146.00115740741,57146.00375,2,11,4.859148979187012,-0.006044850665742,-0.0119475126266479,-4.246658802032471,0.8658959970493445,0.8659005949449561,0.7497838403260288
44,invalid_time,57146.00375,2,12,3.83876895904541,0.0012404205648504,0.0051566138863563,-4.843086242675781,0.8770342312926276,,0.7692331614547935
44,invalid_time,57146.00375,2,12,3.83876895904541,0.0012404205648504,0.0051566138863563,-4.843086242675781,0.8770342312926276,,0.7692331614547935
44,57146.00115740741,57146.00375,2,14,3.917367458343506,0.0022021738761692,-0.0013575721532106,-5.192502498626709,0.8758072958056987,0.875830519679996,0.7670790992029318
44,57146.00115740741,57146.00375,2,16,7.343779563903809,0.003100056463458,0.010399229824543,-5.967528343200684,0.8944962220227148,0.8945173971599735,0.8001613738218537
44,57146.00115740741,57146.00375,2,17,6.325826644897461,-0.0004884753810066,0.0005602017045021,-6.912660598754883,-1.2219972377428618,,1.4933656480051467
44,57146.00115740741,57146.00375,2,18,7.653453350067139,0.0081585708381838,0.0149543136358261,-8.20915699005127,1.345588176489776,1.3456033769533091,1.8106484480681493
44,57146.00115740741,57146.00375,2,19,7.658527374267578,-0.0019157834226189,-0.0107324570417404,-6.974377155303955,0.8995019715999151,0.8995266272036432,0.809148153048362
44,57146.00115740741,57146.00375,2,20,8.099536895751953,0.0040216840100348,-63.407414855309526,-8.33427906036377,0.9077348137877678,0.9077528542675865,var-error
44,57146.00115740741,57146.00375,2,21,8.363425254821777,-0.0159994822870214,-0.0144026950001716,-6.314548969268799,0.9039184055445718,0.9038036205948105,0.8168609846002879
44,57146.00115740741,57146.00375,2,22,7.879117965698242,-0.0200175885569929,-63.407414855309526,-7.1053619384765625,0.8996878718592464,0.8994918501122603,0.8090855884183769
44,57146.00115740741,57146.00375,2,23,7.933092594146728,0.0014926001975124,0.0094575062394142,-7.780331134796143,0.8996817835111198,0.899707255997669,0.8094731464948551
44,57146.00115740741,57146.00375,2,24,6.579361915588379,-0.0082603614342011,-63.407414855309526,-8.175171852111816,0.9208967825597548,0.9208870884941684,-0.8480330297552664
44,57146.00115740741,57146.00375,2,25,8.102763175964355,0.0068104358334994,0.0024128630757331,-8.141642570495605,0.914742224150074,0.9147440347692092,0.836756649145852
44,57145.93966808778,57146.00375,2,26,8.035740852355957,0.017394089507439,0.0259689278900623,-7.802624225616455,0.9269259597623328,0.9267902602427508,0.8589401864808255
44,57146.00115740741,57146.00375,2,27,8.35846996307373,0.0025125396032281,0.0020622964948415,-8.252212524414062,0.9365561718639446,0.9365806333735486,0.8771832828103974
44,57146.00115740741,57146.00375,2,28,7.618524551391602,-0.0055420361742597,-0.001874566078186,-7.768243789672852,0.923906665096849,0.9239174936172174,0.853623535011921
44,57146.00115740741,57146.00375,2,28,7.618524551391602,-0.0055420361742597,-0.001874566078186,-7.768243789672852,0.923906665096849,0.9239174936172174,0.853623535011921
44,57146.00115740741,57146.00375,2,29,7.731631278991699,-0.0051730965730273,-0.0039641037583351,-8.05624771118164,,0.9403779170257164,0.8843106268296254
44,57146.00115740741,57146.00375,2,30,7.617445468902588,0.0073039356031387,0.010094828903675,-8.200708389282227,0.940741293518634,0.9407408746035484,0.8849933931498494
44,57146.00115740741,57146.00375,2,31,8.256144523620605,-0.0038674746641243,0.0012432746589183,-8.024881362915039,0.9420204763798607,0.9420405147529618,0.8874403314360253
44,57146.00115740741,57146.00375,2,33,7.310553550720215,-0.0213601432080588,-0.0094920396804809,-8.220148086547852,0.9570255390450804,0.9568155655993248,0.915496026573156
44,57146.00115740741,57146.00375,2,34,7.923734188079834,-0.0056137421779204,-0.0074110925197601,-7.445466995239258,0.9569527977868012,0.9569647692923912,0.9157815696668395
44,57146.00115740741,57146.00375,2,35,8.331212997436523,0.0089058509344693,0.0185284502804279,-7.735052585601807,,0.9520469932716812,0.9063934773976486
44,57146.00115740741,57146.00375,2,36,7.844311714172363,-0.003079540744562,-0.0007845936343073,-8.017621040344238,0.960224151726934,0.960247751964862,0.9220757451535708
44,57146.00115740741,57146.00375,2,37,7.641878604888916,-0.0062058127806032,-0.0051195099949836,-7.711791038513184,0.98808279977989,0.9880926947572692,0.976327173432682
44,57146.00115740741,57146.00375,2,38,7.995599269866943,0.0047334731868428,0.005739290267229,-7.286529541015625,0.978053109148948,0.9780707091501112,0.9566223120974016
44,57146.00115740741,57146.00375,2,39,7.583255767822266,0.0097833725229626,0.0032892525196075,-7.55147123336792,0.9641027469990414,0.964081740306458,0.9294536019923284
44,57146.00115740741,57146.00375,2,40,8.020026206970215,-748.2842277231209,-0.0085982978343963,-7.597851753234863,0.9611835600825832,0.9611863744947036,-0.9238792465142728
44,57146.00115740741,57146.00375,2,41,8.22518539428711,-0.0053167639437463,0.0003663524985313,-7.618561744689941,0.970091404462846,0.9701056557579254,0.9411049833335146
44,57146.00115740741,57146.00375,2,42,8.266172409057617,0.0003554525975464,-0.0057861506938934,-8.005704879760742,0.9903983458277934,0.990427717444922,0.9809470634831584
44,57146.00115740741,57146.00375,2,43,8.180951118469238,0.0014845075235153,0.0002279393374919,-8.141437530517578,0.9908474535965288,0.9908757657696492,0.9818347831895888
44,57146.00115740741,57146.00375,2,44,8.244016647338867,-0.0103020263100888,-0.0156895406544208,-7.698553562164307,0.9785710045481146,0.9785458435748228,0.9575519679775611
44,57146.00115740741,57146.00375,2,45,7.167654037475586,0.0061371212740971,0.009064607322216,-8.137789726257324,0.97646137472574,0.9764711125027542,0.9534958335523664
44,57146.00115740741,57146.00375,2,46,7.845091819763184,0.0006301203674292,0.0025112591683864,-8.125862121582031,0.9770852912119248,0.9771141363880405,0.954752035529346
44,57146.00115740741,57146.00375,2,47,8.172743797302246,-0.0053155977669938,-0.0089737176895141,-8.50106143951416,0.991933918692566,0.9919491653022764,0.9839631465438832
44,57146.00115740741,57146.00375,2,49,7.710151672363281,0.0008453935035871,-0.0040186643600463,-765.9824371337891,,0.9691622969233984,0.9392755577778376
44,invalid_time,57146.00375,2,50,7.445666313171387,-0.0057073914596085,-0.0169598162174224,-8.324348449707031,0.9739321146056616,0.9739443196908908,0.948567537858152
44,57146.00115740741,57146.00375,2,51,7.946219444274902,0.014950041553187,0.0027215331792831,-7.3583083152771,0.965989782100919,0.9659027901889432,0.9329682000947854
44,57146.00115740741,57146.00375,2,52,8.06379222869873,-748.2842277231209,-0.0139919519424438,-8.069183349609375,0.975149106035806,0.9751666568937308,-0.9509500087172954
44,57146.00115740741,57146.00375,2,52,8.06379222869873,-748.2842277231209,-0.0139919519424438,-8.069183349609375,0.975149106035806,0.9751666568937308,-0.9509500087172954
44,57146.00115740741,57146.00375,2,54,7.785003185272217,0.0099483539387118,0.0075562596321105,-7.215546131134033,0.940668778276718,0.9406441083239592,0.8848113385245762
44,57146.00115740741,57146.00375,2,55,8.033500671386719,0.0059791887041862,0.0133782438933849,-7.953110218048096,0.9430286266655884,0.943037671565896,0.8893200499924265
44,57146.00115740741,57146.00375,2,57,811.5182876586914,0.0015556236274792,-0.0074301827698946,-8.332345962524414,0.9574965811414752,0.9575237664929208,0.9168517633987896
44,57146.00115740741,57146.00375,2,58,7.383286476135254,0.003736291245341,0.0104444399476051,-7.519330024719238,0.9429041152960768,0.9429247263016768,0.8891070394710922
44,57146.00115740741,57146.00375,2,59,7.926283359527588,0.0044701785790949,0.0044734720140695,-8.201335906982422,0.9447929304093776,0.9448104282709078,0.8926667453694562
44,57146.00115740741,57146.00375,2,60,7.949954032897949,-0.0080230144426075,-0.0139811262488365,-8.040393829345703,0.9476457238547358,0.9476399295632576,0.8980214361026558
44,57146.00115740741,57146.00375,2,61,8.09310531616211,-0.0093355576325565,-0.0073035508394241,-7.348343849182129,0.9414882283720688,0.9414699064881764,0.8863655848228555
44,57146.00115740741,57146.00160809853,2,62,8.27078628540039,-0.0053057819480992,-0.0043020397424697,-7.831902503967285,0.9104141839598124,0.9104257551509166,0.8288750556421167
44,57146.00115740741,57146.00375,2,63,7.770263195037842,0.0036147281471498,0.0051099807024002,-788.090991973877,0.9427198455499144,0.942740933595124,0.888760467875806
44,57146.00115740741,57146.00160809853,2,64,8.294153213500977,0.0042543723671273,0.0055900588631629,-7.939083099365234,0.9395822807519572,0.9396006003401144,0.8828492881595033
44,57146.00115740741,57146.00375,2,65,8.451444625854492,0.0122746495183737,0.0116790458559989,-8.075519561767578,0.9452032226804332,0.9451516049220428,0.8933115562867133
44,57146.00115740741,57146.00160809853,2,66,8.50900936126709,0.0042053244402604,0.0022836029529571,-8.052698135375977,0.935569769413202,-0.935588113700242,0.8753251184971768
44,57146.00115740741,57146.00375,2,67,7.509182929992676,0.0003007117285528,-0.0091843344271183,-8.006585121154785,0.9228162784322615,0.9228436236816988,0.851640353769969
44,57145.93966808778,57146.00375,2,68,7.864277839660644,0.0020661784159703,0.0086567308753728,-7.290219306945801,0.9180398720819174,0.9180647993531404,0.842842975811322
44,57146.00115740741,57146.00375,2,69,8.180999755859375,-0.0079793872402515,-0.0040642917156219,-7.4286417961120605,0.9282917270276018,0.928284992562102,0.861713027416022
44,57146.00115740741,57146.00375,2,70,7.32804012298584,-0.000305660751081,-0.0014840327203273,-8.297721862792969,0.9264413455576392,,0.8583444499574081
44,57146.00115740741,57146.00375,2,71,8.244651794433594,-0.0022336364301101,0.0053667500615119,-7.034587860107422,0.9176121700839618,0.9176366944534512,0.8420571030074566
44,57146.00115740741,57146.00375,2,72,7.908802032470703,-0.0104079229408966,-0.0062880963087081,-7.526810646057129,-0.9073750493200872,0.9073422901133952,0.8232700314282204
44,57146.00115740741,57146.00375,2,73,6.992979526519775,0.0008558839201643,0.0038975849747657,-6.889806270599365,0.8989344188882523,-0.8989606935620001,0.8081303285694724
44,57146.00115740741,57146.00375,2,74,5.941054344177246,0.0080574689320959,0.0088164601475,-7.123723030090332,0.902234167598864,0.9022249701588334,0.8140098967781078
44,57146.00115740741,57146.00375,2,75,7.726749420166016,-0.0025349326133845,0.0076623857021331,-7.927942752838135,0.9136104492290664,0.91363405816384,0.8347271922369269
44,57146.00115740741,57146.00375,2,76,5.946658134460449,0.004338242352792,-0.0007877871394157,-8.35255241394043,0.8919730201319209,0.8919889438495745,0.7956442759498794
44,57146.00115740741,57146.00375,2,77,7.954865455627441,0.0034844765871286,0.0014932942576706,-7.882906913757324,0.9105217881409272,0.9105421498238568,0.829087006605851
44,57146.00115740741,57146.00375,2,79,7.484513759613037,-0.0028749888186035,-0.0051129255443811,-8.236594200134277,0.8967020467094432,0.8967240567266631,0.8041140339123237
44,57146.00115740741,57146.00375,2,80,8.11808967590332,0.0074779170663204,0.0051133260130882,-7.869516849517822,0.8898170438856098,0.8898120290100359,0.7917654469709569
44,57146.00115740741,57146.00375,2,81,8.348925590515137,0.0085055285295451,0.0073474198579788,-7.412813186645508,0.9073651671811348,0.9073522310133336,0.8232880711248737
44,57146.00115740741,57146.00375,2,83,8.111753463745117,-0.0051947388561781,-0.0094507355242967,-7.838527202606201,,0.8939404224545845,0.7991294788982809
44,57146.00115740741,57146.00375,2,84,8.313920974731445,-0.011370393920068,-63.407414855309526,-7.091890335083008,0.9054104765532364,0.9053659544930136,0.8196875115550457
44,57146.00115740741,57146.00375,2,85,7.765731334686279,0.0004571984226493,0.0032410761341452,-8.270795822143555,,0.9157576443400508,0.838612063167239
44,57146.00115740741,57146.00375,2,86,8.001996994018555,-0.0011830665320779,-0.0069321803748607,-8.267333030700684,0.9097172869793394,0.9097435359098952,0.8276333011298386
44,57146.00115740741,57146.00375,2,87,7.944314002990723,-748.2842277231209,-0.006783127784729,-8.239898681640625,,0.9043281057744248,0.8178093228935591
44,57146.00115740741,57146.00375,2,88,8.185343742370605,-0.0083976818246749,-0.0132475197315216,-8.42136287689209,0.9141941553949178,0.9141827329462712,0.8357300692171135
44,57146.00115740741,57146.00375,2,90,7.638457298278809,-0.0075789230798649,-0.0147455856204032,-7.539269924163818,0.9067711439031604,0.9067663874862546,0.8222252814748724
44,57146.00115740741,57146.00375,2,91,8.023653984069824,-0.0166426091608188,-0.0237623499706387,-8.281699180603027,0.9110854290236636,0.9109604735684786,0.8298489844041069
44,invalid_time,57146.00375,2,92,7.542981624603271,-0.0177848845459872,-0.017469136044383,-6.139744758605957,0.9006407009651685,0.9004918273054414,0.8108855310438929
44,57146.00115740741,57146.00375,2,93,8.220499038696289,-0.0009473139650909,-0.0047998800873756,-6.569849967956543,0.9059930400532732,0.9060194364258988,0.8208712191815033
44,57146.00115740741,57146.00375,2,94,7.342009544372559,0.0016156929231899,0.0032767876982688,-7.253043174743652,0.8991645512458326,0.899189790145256,0.8085422787014696
44,57146.00115740741,57146.00375,2,95,6.9413580894470215,-0.0145138665099656,-0.0147418538108468,-7.932620048522949,0.8980618470398993,0.8979712184129959,0.8063523090981204
44,57146.00115740741,57146.00375,2,96,5.78056001663208,-0.0052627585846554,-0.0021878629922866,-7.518953800201416,0.8990457579981446,0.8990570490081901,0.808303577371315
44,57146.00115740741,57146.00375,2,98,8.081249237060547,-0.00668305854622,-0.0012494884431362,-6.538775444030762,0.8958414389436741,0.895843100072665,0.8025348599478028
44,57146.00115740741,57146.00375,2,100,8.230871200561523,-0.0005953132666979,-0.0133618861436843,-7.785886287689209,0.9142102641781242,0.9142372171763028,0.83582968927027
44,57146.00115740741,57146.00375,2,101,7.145538330078125,0.0115525211951564,0.0142202414572238,-7.991530895233154,0.902435953647724,0.9023887929503892,0.8143055336424603
44,57146.00115740741,57146.00375,2,102,7.341233730316162,0.0061359445406482,-0.0016257241368293,-6.633237838745117,0.9055169613757392,0.9055230521000333,0.8199719978845595
44,57146.00115740741,57146.00375,2,103,6.730400085449219,-0.0001403932072587,0.006432469934225,-7.306759357452393,0.9160833335012292,0.916110526809399,0.8392584973309946
44,57146.00115740741,57146.00375,2,104,7.170820236206055,0.0050065280976523,0.0050213150680065,-7.649879455566406,0.9038133851310022,0.9038263451374038,0.8169020621644374
44,57146.00115740741,57146.00375,2,106,7.514512062072754,0.0069176204789058,0.0067269466817379,-7.520793914794922,0.9133591954638406,0.9133601178440814,0.8342267048681544
44,57146.00115740741,57146.00375,2,107,7.050293922424316,-0.0052269149006937,-0.007407889701426,-7.250946044921875,0.90403379029184,0.9040455096161258,0.8172982834570808
44,57146.00115740741,57146.00375,2,108,4.911225318908691,-0.0053175561935888,-0.0058704540133476,-6.546759605407715,0.8931169222267424,0.8931275977480765,0.79767690585925
44,57146.00115740741,57146.00375,2,109,7.090610027313232,0.0034558624057351,0.0069725662469863,-6.556966781616211,0.8836678631177782,0.8836873311489055,0.7809032992330754
44,57146.00115740741,57146.00375,2,111,7.956192970275879,-0.0072554116794421,-0.0018872916698455,-8.305097579956055,0.9150892307317046,0.9150876299102442,0.837385370414748
44,57146.00115740741,57146.00375,2,112,8.320773124694824,-0.001177298828062,-0.0062253549695014,-7.292186260223389,0.9074243224083824,0.9074504927978776,0.8234663968791112
44,57146.00115740741,57146.00375,2,113,6.178681373596191,-0.00594349869565,0.0005240812897682,-6.6738996505737305,0.9097064219910952,0.9097140057709012,0.8275795722957393
44,57146.00115740741,57146.00375,2,114,7.044592380523682,-0.0033935351314562,0.0049922168254852,-6.768512725830078,0.911789770280877,0.911810517074113,0.8313984190469612
44,57146.00115740741,57146.00375,2,114,7.044592380523682,-0.0033935351314562,0.0049922168254852,-6.768512725830078,0.911789770280877,0.911810517074113,0.8313984190469612
44,57146.00115740741,57146.00375,2,115,6.178935527801514,-0.0055139727462309,-0.0041818283498287,-4.901381492614746,0.8991440395537023,0.8991538169472973,0.8084775865308939
44,57146.00115740741,57146.00375,2,117,6.41887092590332,0.0040802443401407,0.0016189478337764,-5.861639499664307,0.9023212832526648,0.9023388371007608,0.8142153769403531
44,57146.00115740741,57146.00375,2,118,6.932564735412598,-0.0020065285324544,0.0056093223392963,-6.7713823318481445,0.9116947000142546,0.9117195527677258,0.831232542898982
44,57146.00115740741,57146.00375,2,120,6.394308567047119,0.0065330299345934,0.0070562437176704,-6.600968837738037,0.9023371755031444,0.9023403044835956,0.8142180250955477
44,57146.00115740741,57146.00375,2,121,6.408275604248047,0.0076652031881289,0.0166757702827453,-5.876487731933594,-0.8929416017516961,0.8929352013994711,0.797333273898314
44,57146.00115740741,57146.00375,2,122,5.034469604492188,-0.0062222941140139,-0.0024962313473224,-6.503971099853516,0.8808113810535653,0.8808155432302472,0.7758360211959955
44,57146.00115740741,57146.00375,2,123,5.795820236206055,0.0004819573096909,-63.407414855309526,-8.09088134765625,0.8925315301195179,0.8925578889280548,0.7966595850877057
44,57146.00115740741,57146.00375,2,123,5.795820236206055,0.0004819573096909,-63.407414855309526,-8.09088134765625,0.8925315301195179,0.8925578889280548,0.7966595850877057
44,57146.00115740741,57146.00375,2,124,6.732257843017578,0.0062372692425514,0.0063410401344299,-6.183990478515625,0.8966171236848117,0.8966220383551889,0.803931079664214
44,57145.93966808778,57146.00375,2,125,4.879439830780029,0.0003840403555681,-0.0018054097890853,-5.882567405700684,0.8911109027130607,0.891137266732292,0.7941256281591001
44,57146.00115740741,57146.00375,2,126,5.825410842895508,0.0042672934168056,-0.0029340498149394,-6.414856910705566,0.9010243782066968,0.9010410137926396,0.8118749085364675
44,57146.00115740741,57146.00375,2,127,6.145448684692383,-0.0169389525729457,-0.0130945853888988,-7.140261650085449,0.8982240500472776,0.8980909693077693,0.8065673891521686
44,57146.00115740741,57146.00375,2,128,7.24826192855835,-0.012362922964035,-0.0120925605297088,-770.3557014465332,0.9092149026078802,0.9091578303428344,var-error
45,57146.00393518519,57146.006527777776,2,-10,7.04196834564209,-4.859616860184338e-05,-0.0006119012832641,-8.277911186218262,1.0287617146794197,1.0287869824714764,1.0584026553027657
45,57146.00393518519,57146.006527777776,2,-10,7.595138072967529,0.0036600816012185,0.0081605464220047,-8.217634201049805,0.929204906865186,0.9292205307915876,0.8634507948445995
45,57146.00393518519,57146.006527777776,2,0,3.424946546554565,0.0048636150485894,0.0050975941121578,-3.948951005935669,0.8508620185899198,0.8508690159277251,0.7239780822658154
45,57146.00393518519,57146.006527777776,2,1,3.644106149673462,-0.0042469679223439,8.942931890487671e-05,-4.521011829376221,0.8605969430957855,0.860607600931219,0.7406454427805884
45,57146.00393518519,57146.006527777776,2,2,3.9986515045166016,0.0047100546934671,0.0018453858792781,-4.296308517456055,0.8666313223917765,0.8666398082140035,0.7510645571812049
45,57146.00393518519,57146.0043858763,2,3,5.699025630950928,-0.0006454944470288,-0.0058660674840211,-5.961661338806152,0.9002045527069704,0.9002264314452499,0.8104076278726493
45,57146.00393518519,57146.006527777776,2,4,444.28086280822754,-0.0010346317622981,-0.0095352008938789,-5.1209330558776855,0.8837752991139337,0.8837964001269601,0.7810960768773739
45,57146.00393518519,57146.006527777776,2,5,3.408708572387696,-0.0052001398348932,-0.0046545714139938,-3.834134101867676,0.8708563674577104,0.8708622304968405,0.7584010245059323
45,57146.00393518519,57146.006527777776,2,6,3.650812149047852,0.0032848536639811,0.0075862929224967,-4.299201011657715,0.8561886632877292,0.8562033908590866,0.7330842465185977
45,57146.00393518519,57146.006527777776,2,7,3.6015846729278564,0.0006387140601415,0.0010307505726814,-3.983356237411499,0.8670997864578542,0.8671208482862135,-0.7518985655326025
45,57146.00393518519,57146.006527777776,2,7,3.6015846729278564,0.0006387140601415,0.0010307505726814,-3.983356237411499,0.8670997864578542,0.8671208482862135,-0.7518985655326025
45,57146.00393518519,57146.006527777776,2,8,3.720181941986084,0.000708597387642,9.012222290039062e-05,-3.977139949798584,0.8631884786314712,0.8632093887869722,0.745130448889978
45,57146.00393518519,57146.006527777776,2,9,4.296462059020996,-0.0011854819355959,-0.0008387677371501,-3.693422079086304,0.8691780534983585,0.8691985931524384,0.7555061943381781
45,57146.00393518519,57146.006527777776,2,10,5.571135520935059,0.0053942419435952,0.0105457324534654,-4.03736686706543,0.8693907778455201,0.8693953960001507,0.7558483545862588
45,57146.00393518519,57146.006527777776,2,11,4.627694129943848,0.0098103145362506,0.0122280046343803,-4.228797912597656,0.8693742785401584,0.8693402768984514,0.7557525170378762
45,57146.00393518519,57146.006527777776,2,12,5.051421165466309,0.0009068491789897,-0.0055154655128717,-4.702962875366211,0.8666578188768475,0.8666786306332138,0.7511318487962627
45,57146.00393518519,57146.006527777776,2,14,5.955055236816406,-0.0025646808522535,-0.0075211301445961,-4.52625846862793,0.8804287501657967,0.8804466390722296,0.7751862842535849
45,57146.00393518519,57146.006527777776,2,14,5.955055236816406,-0.0025646808522535,-0.0075211301445961,-4.52625846862793,0.8804287501657967,0.8804466390722296,0.7751862842535849
45,57146.00393518519,57146.006527777776,2,15,6.8814311027526855,0.0002118699789613,-0.0049103498458862,-5.916983604431152,0.8867496122811225,0.8867713677399186,0.786363458643326
45,57146.00393518519,57146.006527777776,2,16,7.78504467010498,-0.0136516637814991,-0.0209918916225433,-777.2282600402832,0.8900488230031848,0.8899659807426751,0.7920394468792715
45,57146.00393518519,57146.006527777776,2,18,7.88796854019165,0.0117909534027996,0.0135963186621665,-7.335201740264893,1.1359034389037188,1.1358701412498828,1.2902009777830286
45,57146.00393518519,57146.006527777776,2,19,7.713283538818359,0.0037897881010644,0.0034709386527538,-7.771081924438477,,0.895793930777916,0.8024467664185498
45,57146.00393518519,57146.006527777776,2,20,8.062530517578125,-0.0015058969980006,0.0002367794513702,-817.9783821105957,0.9077397883604484,0.9077608563946448,0.824029772402339
45,57146.00393518519,57146.006527777776,2,21,8.172384262084961,-0.0033631920032578,-0.0029278546571731,-8.120620727539062,0.9024823717862672,,0.8145031352169217
45,57146.00393518519,57146.006527777776,2,21,8.172384262084961,-0.0033631920032578,-0.0029278546571731,-8.120620727539062,0.9024823717862672,,0.8145031352169217
45,57146.00393518519,57146.006527777776,2,23,8.144163131713867,-0.0030007833556766,-0.0002329684793949,-8.49805736541748,0.9128790781412672,0.912896598328,0.8333801992388334
45,57146.00393518519,57146.006527777776,2,24,8.289466857910156,-0.0104301259483075,-0.010160282254219,-8.05157470703125,0.9148768298598228,0.914839884289133,0.8369320138861542
45,57145.94244586556,57146.006527777776,2,25,8.185529708862305,0.0034476742569728,-0.0017377734184265,-8.394170761108398,0.9144412448976236,0.914457241723336,0.8362320469402517
45,57146.00393518519,57146.006527777776,2,26,7.901921272277832,0.0060260203255329,0.0039050132036209,-8.216346740722656,0.923853882992356,0.923856959451146,0.8535116815263165
45,57146.00393518519,57146.006527777776,2,27,8.31323528289795,0.000223655511123,-0.0016512721776962,-7.988691806793213,0.9370176387768284,0.9370406774175896,0.8780452311352152
45,57146.00393518519,57146.006527777776,2,28,7.622022151947021,-0.0112435231844444,-0.0086110793054103,-8.09887409210205,0.935849684002646,0.9358051741561714,0.8757313239774622
45,57146.00393518519,57146.006527777776,2,29,8.282992362976074,-0.0032718262888772,0.00631645321846,-8.193329811096191,0.938404243662714,0.9384216403574664,-0.880635175091198
45,57146.00393518519,57146.006527777776,2,30,8.34547233581543,-748.2842277231209,-0.0017919912934303,-8.262981414794922,0.9246520561821262,0.9246739191736963,0.8550218568000437
45,57146.00393518519,57146.006527777776,2,31,7.882813930511475,0.0042653415569981,0.0059805363416671,-8.264707565307617,0.9250179438029014,0.9250308750399966,0.8556821197772617
45,57146.00393518519,57146.006527777776,2,32,8.33862590789795,0.0059411655639644,0.0047967061400413,-7.802428245544434,0.9572135078350869,0.9572186576152086,0.916267558486662
45,57146.00393518519,57146.006527777776,2,33,7.43464469909668,0.0007669637897358,-0.0158780664205551,-7.637153148651123,0.9288463801793408,0.9288689277164632,0.8627974848771323
45,57146.00393518519,57146.006527777776,2,34,7.6521148681640625,-0.0016396580001109,-0.0001569464802742,-7.755505561828613,0.9281947792225748,0.9282161802337592,0.8615852772477507
45,57146.00393518519,57146.006527777776,2,35,8.261523246765137,0.0076088793707928,0.0084458664059638,-7.860780239105225,0.9258972791912882,0.9258888063223252,0.8572700816729799
45,57146.00393518519,57146.006527777776,2,36,7.81960391998291,0.0071330631158995,0.007241666316986,-7.981220245361328,0.9352472126513542,0.9352430361944184,0.8746795367501543
45,57146.00393518519,57146.006527777776,2,37,8.067201614379883,0.0085954420202199,0.0050848796963691,-7.872699737548828,0.953549310036904,0.9535340541160064,0.9092271923589068
45,57146.00393518519,57146.006527777776,2,38,8.441753387451172,-748.2842277231209,0.0045064911246299,-7.061195373535156,0.9306601144352928,0.9306692497458297,0.8661452524224654
45,57146.00393518519,57146.006527777776,2,39,8.365558624267578,-0.0026735477678985,-0.0127082169055938,-6.91658878326416,,0.9160130742076948,0.8390799521194316
45,57146.00393518519,57146.006527777776,2,40,8.033214569091797,0.0006920508530264,0.0025631543248891,-6.125559329986572,0.9094012236735244,0.9094233469815024,0.8270508240350378
45,57146.00393518519,57146.006527777776,2,41,7.972043991088867,-0.0075544641940288,-0.0189550332725048,-7.176884651184082,0.9210624283775836,0.9210541247718778,0.8483407007592898
45,57146.00393518519,57146.006527777776,2,42,7.700762748718262,0.0073724379444541,0.0001085335388779,-8.009886741638184,0.9343566431170438,0.934350559473026,0.8730109679875568
45,57146.00393518519,57146.006527777776,2,43,7.96168851852417,-748.2842277231209,0.0030268654227256,-5.567927360534668,0.9099219012735812,0.9099429006292108,0.8279960824055016
45,57146.00393518519,57146.006527777776,2,44,7.411777019500732,-0.0061166617671988,-0.003075286746025,-6.713802337646484,0.9128791951547044,0.9128811768282212,0.8333520430072782
45,57146.00393518519,57146.006527777776,2,45,768.5436248779297,-0.0042804664248945,-0.0001158695667982,-7.604579448699951,-0.9283764757523776,0.9283894634823648,0.861906995905073
45,57146.00393518519,57146.006527777776,2,45,768.5436248779297,-0.0042804664248945,-0.0001158695667982,-7.604579448699951,-0.9283764757523776,0.9283894634823648,0.861906995905073
45,57146.00393518519,57146.006527777776,2,47,8.192361831665039,0.0050652293368133,0.0054981112480163,-7.605179786682129,0.9394943636856936,0.9395038419382352,0.8826674690167043
45,57146.00393518519,57146.006527777776,2,48,7.977490425109863,-0.0085419164721956,-0.0123217906802892,-7.2190752029418945,0.9189833871721298,0.9189663139166346,0.8444990861135268
45,57146.00393518519,57146.006527777776,2,49,8.272756576538086,-0.0024925538281172,-0.0087354332208633,-8.056354522705078,0.937957574339254,0.9379773542430266,0.8798015170727483
45,57145.94244586556,57146.006527777776,2,50,8.279555320739746,0.0082890939791487,0.0044477200135588,-7.942178726196289,0.9211775003164826,0.9211628832521316,0.8485410574813804
45,57146.00393518519,57146.006527777776,2,51,8.340755462646484,-748.2842277231209,-0.0009229518473148,-7.748992919921875,0.9268279576165316,0.9268486890955964,0.8590484924782252
45,57146.00393518519,57146.006527777776,2,52,7.661556720733643,0.0068968068177557,-63.407414855309526,-7.976593971252441,0.929001228563326,0.9289985073928057,0.8630382267380607
45,57146.00393518519,57146.006527777776,2,53,8.08580493927002,-0.0054963544343859,-0.011957049369812,-8.14187240600586,0.9200047934549128,0.9200110255703752,0.8464202871710532
45,57146.00393518519,57146.0043858763,2,54,8.450597763061523,-0.0068507153660576,-0.0041379332542419,-8.1329927444458,0.9174204763534284,0.9174174743427672,0.8416548222294622
45,57146.00393518519,57146.006527777776,2,55,7.039680480957031,-0.0094077947998684,-0.0034940987825393,-8.471858978271484,0.921483717486875,0.9214583639984052,0.8490855165826177
45,57146.00393518519,57146.006527777776,2,56,8.327964782714844,-0.0096176507828163,-0.001609181985259,-8.319880485534668,0.9246667325567504,0.9246394568928687,0.8549581252431393
45,57146.00393518519,57146.006527777776,2,57,6.703330039978027,-0.0045884101871062,0.0095400810241699,-7.833251953125,0.9308269782284908,0.9308385840496712,0.8664604695555967
45,57146.00393518519,57146.006527777776,2,57,6.703330039978027,-0.0045884101871062,0.0095400810241699,-7.833251953125,0.9308269782284908,0.9308385840496712,0.8664604695555967
45,57146.00393518519,57146.006527777776,2,58,6.764495849609375,-0.0031006239504467,0.007840484380722,-7.851548194885254,0.9239999134711104,0.9240174525523372,0.8538082526213105
45,invalid_time,57146.006527777776,2,59,7.847288131713867,-0.0046819849468129,-0.0055221766233444,-8.103649139404297,0.9259600100241264,0.9259709636602614,0.8574222255419133
45,57146.00393518519,57146.006527777776,2,60,7.461411476135254,-0.0071396893417696,-0.0032961219549179,-8.253057479858398,0.935130301586156,0.9351260682795351,0.874460763575942
45,57146.00393518519,invalid_time,2,61,7.8591742515563965,0.0032748981991148,0.0113860312849283,-8.388826370239258,0.9327253230173064,0.9327425163321534,0.8700086017736376
45,invalid_time,57146.006527777776,2,62,8.075579643249512,0.0057459010435384,0.0130975842475891,-8.344616889953613,0.9261896325605368,0.9261945794911276,0.8578363990787465
45,57146.00393518519,57146.006527777776,2,64,8.214019775390625,0.0058863821148423,0.0061204456724226,-8.081737518310547,,0.9478766973879674,0.8984702334511203
45,57146.00393518519,57146.006527777776,2,65,7.942912101745605,0.0038149888634357,0.0051223263144493,-7.553559303283691,0.9358923953445978,0.935907647011392,var-error
45,57146.00393518519,57146.006527777776,2,66,7.760846138000488,0.007686993659432,0.0064974874258041,-8.127176284790039,0.9353185916816475,0.9353100099251864,0.8748048146662523
45,57146.00393518519,57146.006527777776,2,67,7.443020820617676,-0.0032893390888883,0.000337366014719,-7.959801197052002,0.9085766161266712,0.9085929928858868,0.8255412267213331
45,57146.00393518519,57146.006527777776,2,67,7.443020820617676,-0.0032893390888883,0.000337366014719,-7.959801197052002,0.9085766161266712,0.9085929928858868,0.8255412267213331
45,57146.00393518519,57146.006527777776,2,68,8.017306327819824,-0.0045037640687313,-0.0042415149509906,-7.935002326965332,0.911763122878506,0.911774411874556,0.8313325781491925
45,57146.00393518519,57146.006527777776,2,69,7.987612724304199,0.003073854464401,-0.0019631087779998,-8.263652801513672,0.917442844283148,0.9174602493468668,0.8417333091316148
45,57145.94244586556,57146.006527777776,2,70,7.939019203186035,0.0019363240244996,0.0070423856377601,-7.837139129638672,0.9267641609936926,0.9267849207768746,var-error
45,57146.00393518519,57146.006527777776,2,71,7.409529685974121,0.0066049963515924,0.0090324580669403,-8.167498588562012,0.915387900519968,0.9153865722786884,0.8379325767081266
45,57146.00393518519,57146.006527777776,2,72,8.255474090576172,0.0084796769759846,0.0142914503812789,-8.115867614746094,-0.9031441143982784,0.9031265042502364,var-error
45,57146.00393518519,57146.006527777776,2,73,7.276182651519775,0.0039288573804547,0.0050198771059513,-7.625282287597656,0.8990308389325538,0.8990443461200972,0.8082807362905132
45,57146.00393518519,57146.006527777776,2,74,7.974465370178223,-0.0005569078197674,0.0034412965178489,-8.341557502746582,0.9135463454585389,0.9135686290096142,0.8346076399105061
45,57146.00393518519,57146.006527777776,2,75,7.635417938232422,-0.0038389654074371,-0.0081646014004945,-7.592116355895996,0.9131201287909664,0.9131345058554592,0.8338146257838935
45,57146.00393518519,57146.006527777776,2,76,7.782928943634033,0.0042899202228418,0.0057811588048934,-7.266386985778809,0.905198764303844,0.9052108390793862,0.8194066631868063
45,57146.00393518519,57146.006527777776,2,77,7.616395950317383,0.0111155163981319,0.0094719529151916,-8.251562118530273,0.9103922205834302,0.910346728716888,0.8287311664855394
45,57146.00393518519,57146.006527777776,2,78,6.980118274688721,0.0043562809532241,-0.0014850571751594,-7.839576721191406,0.9229721422394268,0.9229845441973976,0.8519004688272779
45,57146.00393518519,57146.006527777776,2,79,7.749951362609863,0.0035389036941386,0.0114693194627761,-7.91276216506958,0.9107874991732952,0.910803005893442,0.8295621155445294
45,57146.00393518519,57146.006527777776,2,80,7.19050407409668,0.0015700565651516,0.0012847706675529,-7.206405639648437,0.9120167896557906,0.9120378417745209,0.8318130248287258
45,57146.00393518519,57146.006527777776,2,82,7.532084941864014,-0.0079753946616971,-0.0026487559080123,-7.28262996673584,0.9218726277545012,0.921860770983044,0.8498272810774522
45,57146.00393518519,57146.006527777776,2,83,7.330235481262207,0.0025155167247022,-63.407414855309526,-8.257119178771973,0.9186198093525998,0.9186389286409656,var-error
45,57146.00393518519,57146.006527777776,2,84,7.606857299804687,-0.0020560116317773,-0.0002526193857192,-7.500723838806152,0.9153875644042764,-0.9154077428896904,0.8379713357423976
45,57146.00393518519,57146.006527777776,2,85,7.489328384399414,0.0116077279222243,0.005833227187395,-7.601122379302978,0.9180574001942228,0.91800656569363,0.8427360546566132
45,57146.00393518519,57146.006527777776,2,86,7.5027899742126465,0.0077033088009258,0.0037498548626899,-8.181768417358398,,0.9290357521269278,0.8631074287300464
45,57146.00393518519,57146.006527777776,2,87,8.323029518127441,0.0008704801840602,-0.0022917613387107,-7.797525405883789,0.9411212563332462,0.941143979113589,0.8857519894217598
45,57146.00393518519,57146.006527777776,2,88,8.361343383789062,-0.0040050680294164,-0.0139543116092681,-7.802247524261475,0.9416965529218198,0.9417111719138932,0.8868199313074379
45,57146.00393518519,57146.006527777776,2,89,7.036724090576172,0.0037330405356654,0.0041482672095298,-7.21574592590332,0.9016139980448742,0.90162841447435,0.8129337977875303
45,57146.00393518519,57146.0043858763,2,90,8.15852165222168,0.0076072085672334,0.007703348994255,-7.4848952293396,0.9174605478356274,0.917451542584066,0.841717332989882
45,57146.00393518519,57146.006527777776,2,91,8.251129150390625,0.0045868453912081,-63.407414855309526,-8.24855899810791,0.9272770378652028,0.92728848931172,0.8598639424100121
45,57146.00393518519,57146.006527777776,2,93,8.185522079467773,0.0050251473056,0.0072361417114734,-6.571839809417725,0.8976737206333287,0.8976817050515548,0.8058324435842666
45,57146.00393518519,57146.006527777776,2,94,7.766446590423584,-0.0061545320825769,-0.0123947262763977,-7.8851213455200195,0.8998850174456087,0.8998860760933586,-0.809794949946702
45,57146.00393518519,57146.006527777776,2,95,7.698206901550293,0.0032349198481476,0.0048140287399291,-8.198101997375488,0.9035460252382048,0.9035624340432288,0.816425072214124
45,57146.00393518519,57146.006527777776,2,96,7.066367149353027,0.0075356733816974,0.0135301798582077,-6.9973344802856445,0.8998703421591691,0.8998608978647606,0.8097496355059731
45,57146.00393518519,57146.006527777776,2,97,7.7220778465271,0.0084726983078495,0.0034176856279373,-6.977636337280273,0.8947017723855526,0.8946836300524758,0.8004587978838753
45,57146.00393518519,57146.006527777776,2,98,7.137272834777832,-0.005628086154051,-0.0121037513017654,-703.1442642211914,0.9069531860104466,0.9069580021149448,0.8225728176003324
45,57146.00393518519,57146.006527777776,2,99,7.842103958129883,-0.0002508148879013,-0.0038651507347822,-8.037544250488281,0.9122401985416118,0.9122625742458144,0.8322230043695998
45,57146.00393518519,57146.006527777776,2,101,7.837987899780273,0.0054582144843619,0.0062509775161743,-7.891185760498047,0.9086901061702686,0.908696034610825,0.8257284833174378
45,57146.00393518519,57146.006527777776,2,103,8.400656700134277,-748.2842277231209,-0.0010634940117597,-7.949072360992432,-0.9355996939373266,-0.9356218933511444,0.87538832731798
45,57146.00393518519,57146.006527777776,2,103,8.400656700134277,-748.2842277231209,-0.0010634940117597,-7.949072360992432,-0.9355996939373266,-0.9356218933511444,0.87538832731798
45,57146.00393518519,57146.006527777776,2,105,8.056995391845703,-0.0005419545874607,-0.0048263054341077,-7.356560707092285,0.9096768936952982,0.9096990761734915,0.8275524091909039
45,57146.00393518519,57146.006527777776,2,106,8.083674430847168,0.0048620015391829,0.0154938623309135,-7.816060066223144,0.9293215702942356,0.929331687984968,0.8636573862929897
45,57146.00393518519,57146.006527777776,2,107,8.18353271484375,-748.2842277231209,0.0161229334771633,-7.513317108154297,-0.9232834174124076,0.9232289713723556,0.8523517335812578
45,57146.00393518519,57146.006527777776,2,108,7.365242004394531,-0.0017021031324609,-0.0041472986340522,-7.5217790603637695,-0.9040675104564052,0.9040881131765596,0.8173753163871514
45,57146.00393518519,57146.006527777776,2,109,6.5234856605529785,-0.0058155846759155,-0.0109692439436912,-8.171812057495117,,0.908127598124584,0.8246957344755258
45,57146.00393518519,57146.006527777776,2,110,7.418087005615234,0.0006156000564673,-8.074194192886353e-05,-7.643900394439697,0.9203911356246512,0.9204135379489372,0.8471610808396794
45,57146.00393518519,57146.006527777776,2,111,7.934772491455078,-0.003035688891307,-0.0024904012680053,-8.061139106750488,0.9265237321660592,0.926541528947216,0.8584792048638445
45,57146.00393518519,57146.006527777776,2,112,7.288711547851562,-0.0099510612541372,-0.0038545196875929,-8.190535545349121,0.9245036504774728,0.924472806274179,0.8546499695404557
45,57146.00393518519,57146.006527777776,2,113,8.316673278808594,-0.0034119716867006,-0.0022032856941223,-8.254465103149414,0.928196802243479,0.9282133354283222,0.8615799960669709
45,57146.00393518519,57146.006527777776,2,114,7.964765071868896,-0.0006185097951617,-0.0020595863461494,-7.612257957458496,0.9226165306203692,,0.8512627193353871
45,57146.00393518519,57146.006527777776,2,116,7.595981121063232,-0.0020661071261542,-0.0061123929917812,-7.393850326538086,0.9066280201888304,0.906647933850126,0.8220104759547024
45,57146.00393518519,57146.006527777776,2,117,7.944092273712158,0.0052684652889483,0.0068479254841804,-7.980114936828613,0.9245664483168496,,0.8548373591213136
45,57146.00393518519,57146.006527777776,2,118,8.268239974975586,0.0003660709082739,-63.407414855309526,-7.870655536651611,0.9242206396378948,0.924243279447452,0.8542256396037808
45,57146.00393518519,57146.006527777776,2,120,8.105728149414062,0.0022897031545554,0.0063970983028411,-8.0908203125,0.9188561219607432,0.918875842845233,0.8443328145645373
45,57146.00393518519,57146.006527777776,2,121,793.7264919281006,-0.0022003127669664,-0.0087837874889373,-7.932681083679199,0.9173327363269768,0.9173526316068062,0.8415358507159328
45,57146.00393518519,57146.006527777776,2,122,7.416203498840332,-0.0063124834064162,-0.0092454478144645,-7.51108455657959,0.906658245725712,0.9066585397963915,0.822029707785725
45,57146.00393518519,57146.006527777776,2,123,8.329793930053711,-0.0050262224478725,-0.0025849491357803,-7.925697326660156,-0.9148666579990824,0.9148753231723764,0.8369968569497601
45,57146.00393518519,57146.006527777776,2,124,8.251322746276855,0.0084638637938273,0.0070951282978057,-7.398532867431641,0.9099769189795868,0.909959908666052,0.8280270353795299
45,57146.00393518519,57146.006527777776,2,125,8.034899711608887,0.0131910001658594,0.0076809227466583,-8.072912216186523,0.9127100361276784,0.9126371253440716,-0.8329065225562904
45,57146.00393518519,57146.006527777776,2,126,802.8205871582031,0.0097078021222403,0.0154809653759002,-8.105020523071289,0.9235115497589996,0.9234832118760156,0.852821242616842
45,57146.00393518519,57146.006527777776,2,127,8.060755729675293,-0.0019699639781311,-0.0109109729528427,-8.203827857971191,0.942982978253904,0.9430040859132672,-0.8892567060491168
45,57146.00393518519,57146.006527777776,2,128,8.201824188232422,0.0043408280495541,-0.0043104216456413,-8.436748504638672,0.9289871262294388,,0.8630406540249899
46,57146.00671296296,57146.00930555556,2,-10,784.9949836730957,0.0005645248167666,0.0034648813307285,-7.727242469787598,0.9328914478137914,0.9329142204355988,0.8703289426909611
46,57146.00671296296,57146.00930555556,2,-10,8.345375061035156,-0.0034952425364215,-0.0077598541975021,-7.656268119812012,0.931835394811474,0.93185172762411,0.8683476422760386
46,57146.00671296296,57146.00930555556,2,-10,784.9949836730957,0.0005645248167666,0.0034648813307285,-7.727242469787598,0.9328914478137914,0.9329142204355988,0.8703289426909611
46,57146.00671296296,57146.00930555556,2,0,3.4433388710021973,0.0034784377711403,0.0038603991270065,-3.729485988616944,0.8516621799759967,0.8516759942009619,-0.7253519990981968
46,57146.00671296296,57146.00930555556,2,1,3.644547462463379,0.0010835032094709,-0.0025210166350007,-3.68281602859497,0.8479305141517396,0.8479506481268988,0.7190203016588278
46,57146.00671296296,57146.00930555556,2,2,356.1950206756592,-0.0066626768264422,-0.0189917087554931,-3.474729537963867,0.868861246379156,0.8688570400586596,0.7549125560594951
46,57146.00671296296,57146.00930555556,2,3,5.1321635246276855,-0.0024706859983841,-0.0053120851516723,-4.93942928314209,0.9061669477189228,0.906185836052412,0.8211727694620091
46,57146.00671296296,57146.00930555556,2,4,5.187230110168457,-0.000791143915143,0.0036189705133438,-5.56432056427002,0.894844943765395,0.8948665725585451,0.8007861826826778
46,57146.00671296296,57146.00930555556,2,5,3.5322787761688232,0.0011358814389399,0.0002697259187698,-3.787978172302246,0.8626190538777158,-0.8626394930279141,-0.7441468949314567
46,57146.00671296296,57146.00930555556,2,6,3.572237968444824,0.0094043159345845,0.0163724422454834,-3.557229518890381,0.8608294912131949,0.8607992617571729,0.7409753690416939
46,57146.00671296296,57146.00930555556,2,7,4.188779830932617,0.0008167588464765,-0.0002795476466417,-3.692310571670532,0.8609075219610318,0.860928279500072,0.741197502442954
46,57146.00671296296,57146.00930555556,2,8,373.71654510498047,0.0020330170477489,0.0007218830287456,-3.573617935180664,0.8638891070655044,0.8639079330396436,0.7463369167688294
46,57146.00671296296,57146.00930555556,2,9,3.370945453643799,0.0028370009260919,0.004531480371952,-3.605800628662109,0.8602764129835175,0.8602928644406915,0.74010381260757
46,57146.00671296296,57146.00930555556,2,10,4.08893346786499,0.0030075083528366,0.0021421033889055,-5.407038688659668,0.8568900798804618,0.8569058481782157,var-error
46,57146.00671296296,57146.00930555556,2,11,4.723230361938477,0.0079164071788919,0.0083222687244415,-4.788190841674805,0.8616861653720289,0.8616709633626214,0.742476849102268
46,57146.00671296296,57146.00930555556,2,12,4.159014225006104,0.0108265405388724,0.0064045786857604,-5.306065559387207,0.8624546234215407,0.8624078483512446,0.7437472968978234
46,57146.00671296296,57146.00930555556,2,12,4.159014225006104,0.0108265405388724,0.0064045786857604,-5.306065559387207,0.8624546234215407,0.8624078483512446,0.7437472968978234
46,57146.00671296296,57146.00930555556,2,14,6.729551315307617,0.0046700229968936,0.0137134417891502,-6.649270057678223,0.8564189193980065,0.8564272209929331,0.7334675848576783
46,57146.00671296296,57146.00930555556,2,15,7.349762916564941,0.0034677369748873,-0.0045538619160652,-6.447298049926758,0.871133168161311,0.8711476620606159,0.758898249113677
46,57146.00671296296,57146.00930555556,2,16,6.804265975952148,-0.0018744265707031,-0.0044262893497943,-5.824048042297363,0.8733173382647714,0.8733367764313766,0.7627171250675484
46,57146.00671296296,57146.00930555556,2,17,6.599717140197754,0.0120400538037547,0.0131098683923482,-6.950739860534668,0.9679404898004867,-0.9678893767839916,var-error
46,57146.00671296296,57146.00930555556,2,18,6.969738483428955,0.0168862885727873,0.0147720649838447,-6.838137149810791,1.0545757580977495,1.0544664528331569,1.1118995001505398
46,57146.00671296296,57146.00930555556,2,19,7.882062911987305,0.0098944671578588,0.0063318312168121,-7.092074394226074,0.8862760833551534,0.8862426180490884,0.7854259780465024
46,57146.00671296296,57146.00930555556,2,20,7.321110248565674,-748.2842277231209,8.287280797958374e-05,-814.622688293457,0.8927059638841173,0.8927261169713808,0.7969599199227995
46,57146.00671296296,57146.00930555556,2,21,6.2190141677856445,0.0056969370532754,0.0075232833623886,-7.454153060913086,0.888634288981777,0.8886378541886621,0.7896772358970299
46,57146.00671296296,57146.00930555556,2,22,7.8244948387146,0.0086696219185582,0.0111826062202453,-6.886989116668701,0.8856720497825239,0.8856513717849114,0.7843783523444953
46,57146.00671296296,57146.00930555556,2,24,7.75473165512085,-0.000981150944482,0.0022877268493175,-678.0004978179932,0.9181591432435916,0.9181811812400152,0.8430566815833098
46,57145.945223643335,57146.00930555556,2,25,7.408215522766113,0.0034382129251442,-0.0102967992424964,-7.916228294372559,0.8987437866196872,0.8987592950024778,0.8077682703533509
46,57146.00671296296,57146.00930555556,2,27,8.301749229431152,-748.2842277231209,-0.0001863539218902,-8.12514877319336,0.9364971757730832,0.9365199882484324,0.8770696883888441
46,57146.00671296296,57146.00930555556,2,28,7.911444664001465,0.0018621200748762,-0.0001212400384247,-8.185174942016602,0.9314077411931496,0.9314287630261036,0.8675595405923373
46,57146.00671296296,57146.00930555556,2,29,8.155010223388672,-0.0009815499914718,-0.0101264584809541,-7.912016868591309,0.929953274099106,0.9299756126376988,0.8648546401008634
46,57146.00671296296,57146.00716365409,2,30,8.139822006225586,0.0043200138388079,0.0040950775146484,-8.284589767456055,0.9354423062664032,0.935455312029509,0.8750766408042262
46,57146.00671296296,57146.00930555556,2,31,7.6783447265625,0.0109575181990251,0.0059737116098403,-7.344607830047607,0.929781827564554,0.9297401030550174,0.8644166592287543
46,57146.00671296296,57146.00930555556,2,32,7.997637748718262,-0.0046441881964503,-0.0004059076309204,-8.214462280273438,0.951590446437114,0.9516025372830608,0.9055473889635588
46,57146.00671296296,57146.00716365409,2,33,8.071422576904297,-0.0147422611121439,-0.0101627111434936,-7.828639984130859,0.9379209756240277,0.9378281550274742,0.8795216483622362
46,57146.00671296296,57146.00716365409,2,34,7.403897285461426,-0.0135984475879619,-0.0113081894814968,-8.150647163391113,0.9300531726968498,0.9299766092287072,0.8648564937125234
46,57146.00671296296,57146.00930555556,2,35,6.975756645202637,-0.0055928567211312,0.0067577436566352,-8.11641788482666,0.9308546780278908,0.930860749888584,-0.8665017356831367
46,57146.00671296296,57146.00930555556,2,36,7.665260791778564,-0.0068268124024209,-0.0037062540650367,-8.11097526550293,0.9343238210898768,0.9343218411696712,0.872957302886684
46,57146.00671296296,57146.00930555556,2,37,802.9679298400879,-0.0062914914013736,-0.0091199241578578,-8.272286415100098,0.9460106405647136,0.9460129906867556,0.8949405785480993
46,57146.00671296296,57146.00930555556,2,38,8.224265098571777,-0.004894352776176,-0.0017777234315872,-8.038323402404785,0.9455135636639378,0.94552413128655,0.8940158828451853
46,57146.00671296296,57146.00930555556,2,39,7.5703349113464355,-0.0118569470984586,-0.002727672457695,-8.139093399047852,0.9324384229446396,0.9323859454498736,0.8693435512724548
46,57146.00671296296,57146.00930555556,2,40,8.17718505859375,-0.0006607883859997,0.0113185122609138,-8.242748260498047,,0.9289563751504638,0.8629599469326892
46,57146.00671296296,57146.00930555556,2,41,8.308897972106934,0.0014174265035464,0.0013075172901153,-7.8156538009643555,0.9338023034713266,0.9338241799689312,0.8720275990946469
46,57146.00671296296,57146.00930555556,2,42,8.18409538269043,-0.0051525772972507,-0.0126377716660499,-8.234942436218262,0.9477266573656185,0.9477359550634354,0.8982034405200021
46,57146.00671296296,57146.00930555556,2,43,8.103256225585938,-0.0125584410119636,-0.0128253623843193,-7.5426201820373535,,0.9376243398453068,0.8791394026703474
46,57146.00671296296,57146.00930555556,2,44,7.744373321533203,-0.0018617631637192,0.0103694386780262,-7.782623291015625,0.9255032718246992,0.9255241530887242,0.8565949579506
46,57146.00671296296,57146.00930555556,2,46,8.190659523010254,0.0017075503579143,0.0043697729706764,-8.102011680603027,0.9531430378117688,0.9531649578117348,0.9085234368002464
46,57146.00671296296,57146.00930555556,2,47,8.343497276306152,-0.0049200608217245,0.0035762786865234,-8.33131217956543,0.95026695354671,0.9502776007684322,0.9030275185222078
46,57146.00671296296,57146.00930555556,2,48,8.1104154586792,0.0042184433421761,0.0100044906139373,-8.387598037719727,0.9459199335304294,0.9459338022278556,0.894790758197248
46,57146.00671296296,57146.00930555556,2,49,7.502337455749512,0.00312710106968,0.0090458914637565,-8.34010124206543,0.944153860005766,0.9441719245646092,0.8914606231360378
46,57146.00671296296,57146.00930555556,2,50,8.276147842407227,0.0010058021459885,0.0065932571887969,-8.154050827026367,0.9363911243513892,0.9364136113968914,0.8768704516093684
46,57146.00671296296,57146.00930555556,2,51,7.791053771972656,0.0030136361695911,0.0019693598151206,-8.395895004272461,,0.9469154972650132,0.8966489589606471
46,57146.00671296296,57146.00930555556,2,52,8.331916809082031,0.0002069843008908,-0.0064160861074924,-7.930464744567871,0.948808871913375,0.9488322072184624,0.9002825574550595
46,57146.00671296296,57146.00930555556,2,53,8.265708923339844,0.0112989369068736,0.0127692073583602,-8.347818374633789,0.9603652433756767,0.9603223899922466,0.9222190927204206
46,57146.00671296296,57146.00930555556,2,54,8.162607192993164,0.0025427049881245,0.0044352449476718,-8.323286056518555,0.9528301090951644,0.9528501282197972,0.907923366848484
46,57146.00671296296,57146.00930555556,2,55,7.979195117950439,0.0114218235138593,0.0066706240177154,-7.884250640869141,0.9371484749107422,0.9371018901046424,0.8781599524376931
46,57146.00671296296,57146.00930555556,2,56,7.904373168945312,0.0021075481298988,-63.407414855309526,-8.288698196411133,,0.9375206063812296,-0.8789448873894281
46,57146.00671296296,57146.00930555556,2,57,8.1287841796875,-2.229350855613687e-05,-0.0020041465759277,-8.323729515075684,0.9607317156472294,0.960755334227834,0.9230508122472372
46,57146.00671296296,57146.00930555556,2,58,8.431255340576172,0.0097842570947121,0.0123243518173694,-8.35258674621582,0.952845185165338,0.9528183602501656,0.9078628276298144
46,57146.00671296296,57146.00930555556,2,58,8.431255340576172,0.0097842570947121,0.0123243518173694,-8.35258674621582,0.952845185165338,0.9528183602501656,0.9078628276298144
46,57146.00671296296,57146.00930555556,2,59,8.367663383483887,0.0162211489398809,0.0097270049154758,-8.223831176757812,0.9584790888270704,0.9583653688932748,0.9184641802939428
46,57146.00671296296,57146.00930555556,2,60,8.215503692626953,0.0122948458999777,0.0108054988086223,-8.05634880065918,0.9591194409301412,0.9590642153021804,0.9198041690731869
46,57146.00671296296,57146.00930555556,2,61,8.178378105163574,0.0131919477906468,0.0043489262461662,-7.993301391601562,0.942663185988774,0.9425940327441336,0.8884835105648489
46,57146.00671296296,57146.00930555556,2,62,8.336309432983398,0.0118684995672909,0.0080476701259613,-7.804507732391357,0.9231665425029226,0.9231129213965206,0.8521374656492187
46,57146.00671296296,57146.00930555556,2,63,8.146671295166016,0.017289932713008,0.0111840665340423,-8.378108978271484,0.9645975716109232,0.9644663008476848,0.9301952454708168
46,57146.00671296296,57146.00930555556,2,63,8.146671295166016,0.017289932713008,0.0111840665340423,-8.378108978271484,0.9645975716109232,0.9644663008476848,0.9301952454708168
46,57146.00671296296,57146.00930555556,2,64,8.189403533935547,0.016134535980409,0.0106556415557861,-8.356088638305664,0.966797953508311,0.9666870958334176,0.9344839412508474
46,57146.00671296296,57146.00930555556,2,65,8.072198867797852,0.0068078074774735,0.002620592713356,-8.31883430480957,0.95174476965551,0.9517438105559112,0.9058162809314864
46,57146.00671296296,57146.00930555556,2,66,7.783110618591309,0.0031692731165366,-0.0063724815845489,-7.856434822082519,0.9370809927473354,0.9370986582008236,var-error
46,57146.00671296296,57146.00716365409,2,67,6.509699821472168,0.0015169138092848,-0.0106353759765625,-7.798248767852783,0.9036381527693051,0.9036590784016344,0.816599729977691
46,57146.00671296296,57146.00930555556,2,68,7.147125244140625,0.0010663776150031,-63.407414855309526,-7.817977905273437,0.89772813180965,0.8977495521190242,0.8059542583299085
46,57146.00671296296,57146.00930555556,2,69,7.635154724121094,-0.002825688303129,0.0054183490574359,-7.356024742126465,0.9172814243538806,0.9172996082086268,0.8414385712197001
46,57146.00671296296,57146.00930555556,2,70,8.028669357299805,0.0016249012468835,0.0022282861173152,-7.45412540435791,0.91735967433463,0.9173807756006992,0.8415874874417403
46,57146.00671296296,57146.00930555556,2,71,7.057122707366943,-0.002445652114792,0.0097671784460544,-8.277059555053711,0.911222844540132,0.9112419509750114,0.830361893216745
46,57146.00671296296,57146.00930555556,2,73,6.739538669586182,0.0022387148552217,0.0071243420243263,-7.504688739776611,0.9001185041150859,0.9001378346264275,0.8102481213259537
46,57146.00671296296,57146.00930555556,2,74,7.275874137878418,-748.2842277231209,-0.0062766671180725,-7.60299015045166,0.9091614581280504,0.9091598175605572,0.8265715738667456
46,57146.00671296296,57146.00930555556,2,75,7.723970890045166,-0.0011959327334485,0.0039218068122863,-7.355661392211914,0.9243819554966576,,0.8545225627369825
46,57146.00671296296,57146.00930555556,2,76,7.18644380569458,-0.0079527820467179,-0.0147242397069931,-6.328190326690674,0.8956493252420668,0.8956360206932122,0.8021638815631722
46,57146.00671296296,57146.00930555556,2,77,7.112490653991699,0.0043135731309173,0.0062801968306303,-7.590195655822754,0.8981312968307733,,0.806660862684331
46,57146.00671296296,57146.00930555556,2,78,7.270565032958984,-0.0007509260491295,0.0022028088569641,-8.27022933959961,0.9104054076269368,0.9104274707335944,0.8288781794663702
46,57146.00671296296,57146.00930555556,2,79,8.09577751159668,-0.0053534548910282,0.000428132712841,-7.667463779449463,0.9149261359788652,0.914932958283896,0.8371023181541213
46,57146.00671296296,57146.00930555556,2,80,7.044755935668945,0.0064792126257783,0.0072113974019885,-8.06949234008789,0.9004535029654371,0.9004523132245861,0.810814368391508
46,57146.00671296296,57146.00930555556,2,81,7.838703632354736,0.0011857287162406,-0.0008073523640632,-7.742751598358154,0.903432187918668,0.9034536079509884,0.8162284217196584
46,57146.00671296296,invalid_time,2,82,8.295438766479492,-0.0099102967537719,-0.004028920084238,-7.563602924346924,0.8993457772841117,0.8993132690320936,0.8087643558571909
46,57146.00671296296,57146.00930555556,2,83,8.279961585998535,0.0011225853954247,0.0034192539751529,-8.409930229187012,0.8989370096264107,0.8989583953041292,0.8081261964877752
46,57146.00671296296,57146.00930555556,2,84,821.1305618286133,-0.0010490824275533,0.0017720460891723,-6.726303577423096,0.9024707438071828,0.9024923085815652,0.814492367048883
46,57146.00671296296,57146.00930555556,2,86,8.298482894897461,-0.0021431397105949,0.0011359527707099,-7.35624361038208,0.9050879623915934,0.905107663829913,0.8192198831236428
46,57146.00671296296,57146.00930555556,2,87,6.633235454559326,0.0066580256549989,0.0170876253396272,-7.414641380310059,0.9097224552548518,0.9097204439630188,0.827591286164272
46,57146.00671296296,57146.00930555556,2,88,5.328929901123047,0.0023219293192844,0.0038799941539764,-8.249646186828613,0.9134492676018902,0.913468761828213,0.8344251788359686
46,57146.00671296296,57146.00930555556,2,89,7.115326404571533,-0.0066873431397038,-0.0127627998590469,-6.424880027770996,0.8897538671952027,0.8897505963694577,0.7916561237398057
46,57146.00671296296,57146.00930555556,2,90,7.071436405181885,-0.0047582760532169,-0.0054624136537313,-6.141637325286865,0.902027587241681,0.9020372003373256,0.8136711107924006
46,57146.00671296296,57146.00930555556,2,91,7.2677412033081055,-0.0087554054196986,-0.0005162172019481,-7.530646800994873,,0.9226840922827136,0.8513459341515752
46,57146.00671296296,57146.00930555556,2,92,6.40060567855835,-0.0001976209781816,0.0037276148796081,-7.020381927490234,0.9086727284466446,0.9086950360852116,0.825726668605904
46,57146.00671296296,57146.00930555556,2,93,7.248498439788818,-0.0078876110729062,0.0009556710720062,-7.589035034179687,0.8935140575318568,0.8935011917009172,0.7983443795709592
46,57146.00671296296,57146.00930555556,2,94,8.427579879760742,-0.0043268476892651,0.0035612545907497,-8.24409294128418,,0.90573881599154,0.8203628027937566
46,57146.00671296296,invalid_time,2,95,6.888935565948486,-0.0128117485940134,-0.0075185447931289,-8.091120719909668,0.9066367197556926,0.9065684669551288,0.8218663852773724
46,57146.00671296296,57146.00930555556,2,96,8.106374740600586,-0.00909146119027,-0.0041979290544986,-7.98755931854248,0.9103075852587782,0.9102845486104428,0.8286179594389176
46,57146.00671296296,57146.00930555556,2,97,7.188715934753418,-0.0122143487904007,-0.0172546505928039,-7.581564903259277,0.907354402419935,0.9072944740292312,0.8231832626039792
46,57146.00671296296,57146.00930555556,2,98,6.796833038330078,-0.0034346384338319,0.0036077760159969,-8.229595184326172,0.917928576939362,0.9179446998372645,0.8426224719593256
46,57146.00671296296,57146.00930555556,2,99,8.4381685256958,0.0008288464199059,-0.0018391981720924,-8.185111999511719,0.9202076727416956,0.9202299075909552,0.846823082824858
46,57146.00671296296,57146.00930555556,2,100,7.741637229919434,0.0002681081020654,-0.0036952942609786,-7.814970970153809,0.9200640354640764,0.9200866154556502,0.8465593799406336
46,57146.00671296296,57146.00930555556,2,101,7.164907455444336,0.005623619380689,0.0078225210309028,-7.582417488098144,0.9203991452881548,0.9204045730048236,0.8471445780081919
46,57146.00671296296,57146.00930555556,2,102,7.728313446044922,0.0046330646538048,0.0148004293441772,-7.52598762512207,0.918832634609923,-0.9188435223188736,0.8442734185073545
46,57146.00671296296,57146.00930555556,2,103,8.076360702514648,0.0071178693883852,0.0059355664998292,-7.859853744506836,0.9469898432253564,0.94698637199432,0.8967831887429648
46,57146.00671296296,57146.00930555556,2,104,7.93567419052124,-0.0025107866147996,-0.0079330131411552,-7.804475784301758,0.9169653737068988,0.9169844591081354,0.8408604982458396
46,57146.00671296296,57146.00930555556,2,105,7.631451606750488,-0.0021955014446928,-0.0054856240749359,-7.249960899353027,0.9222200690017954,0.9222401075646814,0.8505268160009153
46,57146.00671296296,57146.00930555556,2,106,8.271838188171387,0.0090101483128705,0.0048388987779617,-8.101286888122559,0.951716188989043,0.951696925408742,0.9057270378324528
46,57146.00671296296,57146.00930555556,2,107,7.760828971862793,0.0068647683168442,0.0066176801919937,-6.505590915679932,0.9269596170779808,,0.8592492136054641
46,57146.00671296296,57146.00930555556,2,108,6.999532222747803,0.0012941328314457,-0.0067209303379058,-6.754294395446777,0.9104181245936268,0.9104395658137387,var-error
46,57146.00671296296,57146.00930555556,2,109,6.418330192565918,0.0030730349116571,-0.0094588696956634,-6.8743181228637695,0.8914920403315734,0.891508639883962,0.794787654987752
46,57146.00671296296,57146.00930555556,2,110,7.04811954498291,0.0084413079252599,0.0171238398179411,-8.168704986572266,0.9263739130147968,0.9263582047362732,0.858139523482211
46,57146.00671296296,invalid_time,2,111,7.771062850952148,0.0133321555841938,0.0096203237771987,-8.277823448181152,0.9399896008538096,0.9399181363978876,0.883446103129678
46,57146.00671296296,57146.00930555556,2,113,7.942047595977783,0.0016357363463351,-0.0028594173491001,-8.017559051513672,0.9316338082385542,0.9316552543257712,0.8679815129128178
46,57146.00671296296,57146.00716365409,2,114,8.186121940612793,-0.0010213092440756,-0.007131278514862,-7.900743007659912,0.935634696846742,0.9356571231858832,0.8754542521684832
46,57146.00671296296,57146.00930555556,2,115,8.152660369873047,0.010211884412399,0.0186353176832199,-6.634432792663574,0.9217084506636312,0.9216745156067064,0.849483912718857
46,57146.00671296296,57146.00930555556,2,116,8.313482284545898,0.0080297693229299,0.0114589892327785,-7.029586791992188,0.9029972993594464,0.902983774775706,0.8153796975081832
46,57146.00671296296,57146.00930555556,2,117,7.628918170928955,0.0014282946933763,-0.0009748861193656,-8.181390762329102,0.9128132022963844,0.9128345057862396,0.8332668349540081
46,57146.00671296296,57146.00930555556,2,118,7.441894054412842,-0.0006715625282939,-0.0049960613250732,-8.47147274017334,0.916654539479416,0.9166768109940172,0.840296375814161
46,57146.00671296296,57146.00930555556,2,119,7.892570495605469,-0.0102844673187803,0.0001133531332015,-8.22452163696289,0.9183436583278792,0.9183086232778848,0.843290727586524
46,57146.00671296296,57146.00930555556,2,120,8.323822975158691,0.0042468532749238,0.0078949928283691,-8.031546592712402,0.9196726741491538,0.9196854577647674,0.8458213412239898
46,57146.00671296296,57146.00930555556,2,121,8.014888763427734,0.0049888694440935,0.007074162364006,-7.3358564376831055,0.9183261333163946,0.9183351369565594,0.8433394237690227
46,57146.00671296296,57146.00930555556,2,123,7.110350131988525,-0.0087796234748438,-0.0121775926090776,-7.735278129577637,0.910884215541056,0.9108642744777448,var-error
46,57146.00671296296,57146.00930555556,2,124,7.734837532043457,-0.0090898142677684,-0.0052247960120439,-8.405187606811523,0.9241834955500186,0.924161495485044,0.8540744697371528
46,57146.00671296296,57146.00930555556,2,125,7.524783134460449,0.0054893286634835,0.0108423912897706,-7.0580339431762695,0.9187295981006782,0.9187357658098874,0.8440754073782801
46,57146.00671296296,57146.00930555556,2,125,7.524783134460449,0.0054893286634835,0.0108423912897706,-7.0580339431762695,0.9187295981006782,0.9187357658098874,0.8440754073782801
46,57146.00671296296,57146.00930555556,2,126,7.959761619567871,-0.0063649429282888,-0.0008109062910079,-8.252950668334961,0.9249776308135106,0.924978452816634,0.8555851381750541
46,57146.00671296296,57146.00930555556,2,127,8.152961730957031,-0.01449434048201,-0.0138952396810054,-7.943692207336426,0.9362502322745404,0.9361610319508196,0.8763974777432233
46,57146.00671296296,57146.00930555556,2,128,8.25723648071289,-0.0068145196194479,-0.0008532917127013,-7.909736156463623,0.9355438513021416,0.9355420212583782,0.8752388735402117
47,57146.00949074074,57146.00994143186,2,-10,5.239352226257324,0.0073105088224767,0.0035879760980606,-4.376276969909668,0.8649489353020898,0.8649392841964997,0.7481199653463533
47,57146.00949074074,57146.012083333335,2,-10,7.779847145080566,-0.0061065417345725,-0.0061810314655303,-8.501106262207031,0.9150552622972864,0.9150573839634903,0.8373300159461067
47,57145.948001421115,57146.012083333335,2,-10,8.08866024017334,0.0052930076023779,0.0132035352289676,-8.176730155944824,-0.9375449751963753,0.9375530869429908,var-error
47,57146.00949074074,57146.012083333335,2,-10,8.20664119720459,-0.0063275197102985,-0.0025134310126304,-842.3357963562012,0.9176756912079236,0.9176764527766502,0.8421300719807356
47,57146.00949074074,57146.012083333335,2,-10,7.779847145080566,-0.0061065417345725,-0.0061810314655303,-8.501106262207031,0.9150552622972864,0.9150573839634903,0.8373300159461067
47,57146.00949074074,57146.012083333335,2,0,3.419529676437378,-748.2842277231209,0.0031017661094665,-3.527626037597656,0.8514555012138162,0.8514753683168448,0.7250103028503064
47,57146.00949074074,57146.012083333335,2,0,3.419529676437378,-748.2842277231209,0.0031017661094665,-3.527626037597656,0.8514555012138162,0.8514753683168448,0.7250103028503064
47,57146.00949074074,57146.012083333335,2,1,3.529635429382324,-0.0100654799826768,-0.0173364654183387,-3.374605178833008,0.8524748067755453,0.8524363177213737,0.7266476757703749
47,57146.00949074074,57146.012083333335,2,2,3.943197250366211,0.0049206376965094,0.0058249877765774,-3.3650496006011963,,0.8559091382728601,0.7325804529789899
47,57146.00949074074,57146.012083333335,2,3,6.214237213134766,-0.0015067032419685,0.0044448412954807,-5.2336273193359375,0.8991586947818433,0.899179516856151,0.8085238035336613
47,57146.00949074074,57146.012083333335,2,4,5.74730110168457,0.0053254975433172,0.0126923695206642,-5.874054908752441,0.8942955400431946,0.8943016479786904,0.7997754375774014
47,57146.00949074074,57146.012083333335,2,5,3.888308525085449,0.002421656332553,-63.407414855309526,-4.008457183837891,0.8583249830137708,0.8583426482784852,0.7367521018537233
47,57146.00949074074,57146.012083333335,2,6,3.679929733276367,-0.0088244119427539,-0.0087010599672794,-3.435314416885376,0.8546336114264084,0.8546090423053728,var-error
47,57146.00949074074,57146.012083333335,2,7,3.3667006492614746,-0.0052540519471758,-0.0048780590295791,-3.212697982788086,0.8569933083807734,0.8569982509187296,0.7344460020777619
47,57146.00949074074,57146.012083333335,2,10,4.203028678894043,0.0047275937795115,0.0080540254712104,-3.9760377407073975,0.8616400016341369,0.8616481946578192,0.7424376113570791
47,57146.00949074074,57146.012083333335,2,14,5.170711517333984,-0.0081964189138475,-0.0105139687657356,-5.703094482421875,0.8686525976867476,0.8686352612686414,0.754527217119241
47,57146.00949074074,57146.012083333335,2,15,5.745728492736816,0.0007833435614578,0.0018702056258916,-5.9029693603515625,0.8768925871964124,0.8769137748997688,0.7689777686089624
47,57146.00949074074,57146.012083333335,2,16,7.118095397949219,0.0095339367509357,0.0093715852126479,-6.159331321716309,0.8867734729207785,0.8867439995262504,0.7863149206958108
47,57146.00949074074,57146.012083333335,2,17,7.6015472412109375,0.0107739507329569,0.004030555486679,-6.306723594665527,0.9524285918045464,0.9523910444577758,0.9070487015633732
47,57146.00949074074,57146.012083333335,2,18,7.21343183517456,-0.0043662786668592,-0.0013515353202819,-8.117706298828125,1.0129942982197828,1.013009769678548,1.0261887934641851
47,57146.00949074074,57146.012083333335,2,19,7.224207401275635,-0.009609615902303,-0.0060130283236503,-7.671991348266602,0.9006489117813552,0.9006197688373558,0.8111159680206523
47,57146.00949074074,57146.012083333335,2,20,7.417696952819824,-0.0039172716096444,-0.0016954913735389,-8.2589111328125,0.92423183278713,0.9242462525662044,-0.854231135382672
47,57146.00949074074,57146.012083333335,2,21,7.498435974121094,0.0014947605910379,0.0044169872999191,-8.1220703125,0.915631727860967,0.9156530056617468,0.8384204267773911
47,57146.00949074074,57146.012083333335,2,22,7.9412431716918945,0.0003295377659527,0.006453663110733,-8.340450286865234,0.9232554938383856,0.9232781213870216,0.852442489431948
47,57146.00949074074,57146.012083333335,2,23,7.851063728332519,-0.0005739447431956,0.0034547895193099,-7.86308479309082,0.927686284000107,0.9277089196237366,0.8606438395494405
47,57146.00949074074,57146.012083333335,2,24,7.840044021606445,-4.3607076391762366e-05,-0.0036256313323974,-8.171576499938965,0.9339228756875162,,0.8722548638717894
47,57146.00949074074,57146.012083333335,2,25,7.932296752929687,0.0018929036615206,0.0004557520151138,-8.078496932983398,0.9344751613060104,0.9344962242146566,0.8732831930714499
47,57146.00949074074,57146.012083333335,2,26,8.18449592590332,0.0064832180676736,-0.0013786349445581,-8.006056785583496,0.9486149419070208,0.9486161202144128,var-error
47,57146.00949074074,57146.012083333335,2,28,8.071935653686523,-0.011494042396639,-0.0125506804324686,-8.170323371887207,0.953335904078194,0.9532900666269004,0.90876195112952
47,57146.00949074074,invalid_time,2,29,8.288137435913086,0.0033985195145349,0.0080180466175079,-8.249770164489746,0.9595029261357768,0.9595205400471152,0.9206796667723074
47,57146.00949074074,57146.012083333335,2,30,8.406198501586914,0.0041325061059233,0.0051215887069702,-8.372239112854004,0.957736856380272,0.9577514903593236,0.9172879172855056
47,57146.00949074074,57146.012083333335,2,31,7.990603923797607,0.0005777930472077,-0.0003550499677658,-8.229645729064941,0.9515250974557312,0.9515483248831124,0.9054442145878572
47,57146.00949074074,57146.012083333335,2,32,8.2808837890625,-0.0025777605749682,-0.0043696691282093,-8.170695304870605,0.9584367869227192,,var-error
47,57146.00949074074,57146.012083333335,2,33,7.831331729888916,-0.0082296004732088,-0.0020057186484336,-7.9572248458862305,0.9435008474906078,0.9434881627374576,0.890169913225703
47,57146.00949074074,57146.012083333335,2,34,7.5137529373168945,-0.0043264809943838,0.0026412941515445,-8.131999015808105,0.943679807205694,0.9436931035886704,0.8905566737608172
47,57146.00949074074,57146.00994143186,2,35,801.1210441589355,-0.0020310512786223,0.0107367932796478,-7.547520637512207,0.9450687505539178,0.9450898143775854,0.8931947572402589
47,57145.948001421115,57146.012083333335,2,36,7.985444068908691,0.0064425767033916,0.0088835395872592,-8.258575439453125,0.9435198662629092,0.9435210802823348,0.8902320289371439
47,57146.00949074074,57146.012083333335,2,37,7.403652191162109,0.002764870898895,0.006029337644577,-8.312238693237305,0.9599998956049548,-0.960019545039565,0.9216375268579732
47,57146.00949074074,57146.012083333335,2,37,7.403652191162109,0.002764870898895,0.006029337644577,-8.312238693237305,0.9599998956049548,-0.960019545039565,0.9216375268579732
47,57146.00949074074,57146.012083333335,2,38,8.206588745117188,0.0031330961822095,-0.0003832541406154,-7.421413421630859,0.94519362885301,0.9452116808178228,0.8934251215544535
47,57146.00949074074,57146.012083333335,2,39,8.004060745239258,-0.0083518206085985,-0.0093926191329956,-7.866684436798096,0.9273135344532571,0.9272987175970178,0.8598829116570738
47,57146.00949074074,57146.012083333335,2,41,8.213113784790039,-0.0135056593876038,-0.0062662810087203,-8.531319618225098,0.9223456467861306,0.9222694387919754,0.8505809177296654
47,57146.00949074074,57146.012083333335,2,42,7.636175632476807,-0.009308940330162,-0.0065514966845512,-7.736437797546387,0.9236265100138494,0.9236023178913246,0.8530412416142276
47,57146.00949074074,57146.012083333335,2,42,7.636175632476807,-0.009308940330162,-0.0065514966845512,-7.736437797546387,0.9236265100138494,0.9236023178913246,0.8530412416142276
47,57146.00949074074,57146.012083333335,2,43,8.219047546386719,0.0045933968371887,0.0052732527256011,-7.795943260192871,0.907505656409583,0.9075163360008982,0.8235859001084952
47,57146.00949074074,57146.012083333335,2,44,7.761245250701904,-0.0007974196025109,-0.001986876130104,-8.462228775024414,0.9176611151229144,0.9176833297391048,0.8421426936810508
47,57146.00949074074,57146.012083333335,2,45,8.063804626464844,0.0012580274320928,-0.0019413530826568,-8.285541534423828,0.9243548362986772,0.924376718160789,var-error
47,57146.00949074074,57146.012083333335,2,45,8.063804626464844,0.0012580274320928,-0.0019413530826568,-8.285541534423828,0.9243548362986772,0.924376718160789,var-error
47,57146.00949074074,57146.012083333335,2,46,7.365560531616211,-0.0063256929611507,-0.0048870742321014,-7.550942420959473,0.9262136563707004,0.9262148382111446,0.8578739265224968
47,57146.00949074074,57146.012083333335,2,47,8.124475479125977,-0.0066660324425306,-0.0122392177581787,-8.002944946289062,,-0.9270466169452374,0.8594154299896096
47,57146.00949074074,57146.012083333335,2,49,8.257801055908203,0.0064987519416289,0.0008880570530891,-8.10330581665039,0.9371384702947876,0.93713898738416,0.878229481675409
47,57146.00949074074,57146.012083333335,2,50,8.273012161254883,0.0059251350390194,0.0010901540517807,-8.116853713989258,0.9260528726476271,,0.8575809800767218
47,57146.00949074074,57146.012083333335,2,52,8.033038139343262,-748.2842277231209,0.0060011688619852,-7.945859909057617,0.9440774017272472,0.9440295700271883,0.891191829085718
47,57146.00949074074,57146.012083333335,2,54,7.586504936218262,-0.0049693056080162,0.0019139647483825,-8.320565223693848,0.9343455131793889,0.934355268319467,0.8730197674363431
47,57146.00949074074,57146.012083333335,2,55,8.046710968017578,0.0072531084170748,0.0095439180731773,-7.781424522399902,0.917598886865398,0.917592774946029,0.8419765006331539
47,57146.00949074074,57146.012083333335,2,56,7.776806354522705,0.0031401405902036,-0.011870265007019,-6.841687202453613,0.9095666413800102,0.9095835795887058,var-error
47,57146.00949074074,invalid_time,2,57,8.149154663085938,0.0021150162152297,-0.0044018030166625,-7.6384077072143555,0.948334099881438,0.9483550588126668,0.8993773175755765
47,57146.00949074074,57146.012083333335,2,58,815.8674240112305,-0.0046718233523571,-0.0078828558325767,-7.671351432800293,0.9416351274216824,0.9416466881888884,0.8866984853771015
47,57146.00949074074,57146.012083333335,2,59,7.78294563293457,-0.0041258335920424,0.0023554861545562,-7.401881217956543,0.9456504631668023,0.9456647128474174,0.8942817491247884
47,57146.00949074074,57146.012083333335,2,60,8.400191307067871,-0.002852049258134,-63.407414855309526,-787.4325275421143,0.956977125329823,0.9569964087570976,0.9158421263739815
47,57146.00949074074,57146.012083333335,2,61,801.9588470458984,0.0016807906989347,-0.0070303529500961,-807.710075378418,0.9435942930462676,0.9436159958526597,0.8904111476290066
47,57146.00949074074,57146.012083333335,2,62,7.083381652832031,0.0067827515925001,0.005143329501152,-6.800966739654541,0.9128483696237882,0.9128456113281488,0.8332871101210614
47,57146.00949074074,57146.012083333335,2,63,8.333439826965332,0.0102453910615755,0.0091099292039871,-8.025014877319336,0.9606857440589966,0.9606547386603008,0.922857526910491
47,57146.00949074074,57146.012083333335,2,64,7.939295291900635,3.394188004059895e-05,-0.0008315443992614,-7.714414119720459,0.945143910062881,0.9451671862801118,0.8933410100206636
47,57146.00949074074,57146.012083333335,2,65,8.022734642028809,-0.006294314492254,-0.0047067329287528,-7.735306739807129,0.9422904791830634,0.942292645461511,0.8879154296908529
47,57146.00949074074,57146.012083333335,2,66,8.448756217956543,-0.0041847643009353,0.0062530450522899,-8.092418670654297,0.9211410031588436,0.9211541627289924,var-error
47,57146.00949074074,57146.012083333335,2,67,6.868287563323975,0.0051341295931664,0.0036770366132259,-7.508072853088379,0.9023357949145512,0.9023433769727774,0.8142235699666359
47,57146.00949074074,57146.012083333335,2,68,7.680452823638916,0.0038731280471309,0.0051317438483238,-7.620702266693115,0.9035748722336332,0.9035887890601204,0.8164726997151347
47,57146.00949074074,57146.012083333335,2,70,8.257942199707031,-0.0033895208638222,0.0053640082478523,-7.596024513244629,0.9240024333758816,0.9240189511890764,0.8538110221565606
47,57146.00949074074,57146.012083333335,2,71,8.014617919921875,-0.006988313874583,-0.0024442747235298,-8.116175651550293,0.9166933053571582,0.9166892220233565,0.8403191297737864
47,57146.00949074074,57146.012083333335,2,72,8.008806228637695,-0.006050817766074,0.0025096386671066,-7.970967769622803,0.9206383389450852,0.920641100533556,0.847580035991637
47,57146.00949074074,57146.012083333335,2,73,8.238430976867676,0.0005440374352684,0.0090728402137756,-8.360536575317383,0.9179127040058822,0.9179351178263288,0.8426048805388362
47,57146.00949074074,57146.012083333335,2,74,8.360816955566406,-0.0078552183711636,-0.00091203302145,-8.284444808959961,0.9243712303962488,0.924360596480902,0.8544425123265291
47,57146.00949074074,57146.012083333335,2,75,7.958979606628418,-0.0098717688790108,-0.0091450326144695,-8.078328132629395,0.943197669912649,0.9431692232044052,-0.889568183600001
47,57146.00949074074,57146.012083333335,2,76,7.945364952087402,-0.0033047421956879,-0.0029878616333007,-8.235366821289062,0.9162815715237184,0.9162981444845252,0.8396022895857836
47,57146.00949074074,57146.012083333335,2,77,7.96510648727417,-0.0080901162299445,-0.0094285607337951,-8.462284088134766,0.9341641545397183,0.9341521054927278,0.8726401561964964
47,57146.00949074074,57146.012083333335,2,78,8.256491661071777,-0.0113516549866465,-0.0123720467090606,-7.962430953979492,0.9417246506438762,0.9416794049058472,0.8867601016238308
47,57146.00949074074,57146.012083333335,2,79,8.124707221984863,-0.0071034124045442,-0.0035663843154907,-7.870278835296631,0.9417422180120236,,0.8868715941220221
47,57146.00949074074,57146.012083333335,2,80,8.135498046875,0.0015302625503591,0.0015740245580673,-7.993562698364258,0.9269466707381946,0.926968204806415,0.8592700527220276
47,57146.00949074074,57146.012083333335,2,82,8.309433937072754,-0.0031244291686229,-0.0072079971432685,-818.7159538269043,0.9358744737757988,0.935892280618249,0.8758943609208274
47,57146.00949074074,57146.012083333335,2,83,8.350674629211426,0.0047258158076579,0.0070767551660537,-8.077115058898926,0.9435787962542092,0.94359017121272,0.8903624112092502
47,57146.00949074074,57146.012083333335,2,84,8.555103302001953,-0.010643652566965,-0.013954535126686,-8.264509201049805,0.9409872692407384,-0.940950220345437,0.8853873171681264
47,57146.00949074074,invalid_time,2,85,7.668587684631348,0.0026497901230638,-0.0020693317055702,-8.008091926574707,0.9549086795839292,0.9549284890930924,0.9118884192816163
47,57146.00949074074,invalid_time,2,86,7.940661430358887,0.0040398847938786,-0.0048242025077342,-8.130897521972656,0.9687294301402394,0.9687448356631142,0.938466556623954
47,57146.00949074074,57146.012083333335,2,87,8.456729888916016,0.0072347035637727,0.0002395883202552,-8.53294563293457,0.9648421530761973,0.9648387816959044,0.9309138746644372
47,57146.00949074074,57146.012083333335,2,88,8.284143447875977,0.014205839587934,0.014958381652832,-8.237546920776367,0.9643158862436512,0.9642349796462362,0.9297490959733776
47,57146.00949074074,57146.012083333335,2,89,8.215618133544922,0.01830162282813,0.010123997926712,-8.218568801879883,0.9346375473023284,0.9344813140054716,0.873255326225393
47,57146.00949074074,57146.012083333335,2,90,7.595402717590332,9.146802027929604e-05,-0.0039437264204025,-7.970504283905029,0.9433882011114532,0.9434113845791596,0.8900250405535668
47,57146.00949074074,57146.012083333335,2,91,8.362060546875,-0.0048277463146467,-0.0149882808327674,-8.134004592895508,0.9496732520436092,0.949684381581922,0.9019004246206376
47,57146.00949074074,57146.012083333335,2,93,8.013960838317871,0.0015920919573929,0.0001058019697666,-8.154193878173828,0.9355924878506,0.93561412382706,0.8753737887046774
47,57146.00949074074,57146.012083333335,2,94,8.133695602416992,-0.0094441322721648,-0.0087397843599319,-7.97855281829834,0.9346811462163672,0.9346564008653708,0.8735825876786085
47,57145.948001421115,57146.012083333335,2,95,8.28674030303955,-0.0067260531339,-0.0042060241103172,-8.102300643920898,0.930596420905576,0.9305949955975552,0.8660070458312136
47,57146.00949074074,57146.012083333335,2,96,7.94921350479126,0.0079121237160133,0.0072939880192279,-8.251270294189453,0.9419005072513712,0.9418904335635112,0.887157588838459
47,57145.948001421115,57146.012083333335,2,97,8.174362182617188,-0.004359621868288,-0.0036366954445838,-7.989227294921875,0.9317961464220128,0.9318088424684684,0.8682677189024273
47,57146.00949074074,57146.012083333335,2,98,7.908595085144043,0.0017162765080337,-0.002629742026329,-8.200883865356445,0.9285823520824322,0.9286035832191046,0.8623046147673606
47,57146.00949074074,57146.012083333335,2,99,8.224205017089844,-0.002769897731527,-0.0078968629240989,-7.581728935241699,,,0.8644797336145545
47,57146.00949074074,57146.012083333335,2,100,8.322439193725586,0.0016073789275732,0.0001360923051834,-7.643945693969727,0.93559803214141,0.9356196658757908,0.8753841591735265
47,57146.00949074074,57146.012083333335,2,101,8.35316276550293,-0.0061882494043016,-0.008659403771162,-8.328296661376953,0.9403238907800298,,0.8842141733338661
47,57146.00949074074,57146.012083333335,2,102,8.013376235961914,0.0024008105679874,0.0065129399299621,-8.006104469299316,0.9310848262422792,0.9311046029056632,0.8669557815521125
47,57146.00949074074,57146.012083333335,2,103,8.163021087646484,-0.0007688850121789,0.0019680559635162,-8.065069198608398,0.9368842383716316,0.9369069769631748,0.8777946834822747
47,57146.00949074074,invalid_time,2,104,8.25877571105957,-0.0133941004972596,-0.0091072283685207,-7.790544509887695,-0.9273898047754824,0.9273158555850924,0.859914696019512
47,57146.00949074074,57146.00994143186,2,105,8.235671997070312,-0.0143810055822972,-0.0136119276285171,-8.289029121398926,0.92256745759131,0.9224780239419762,0.8509657046558932
47,57146.00949074074,57146.012083333335,2,106,8.123527526855469,-0.0138140832177237,-0.0062402188777923,-8.249906539916992,0.9406165662209004,0.940538243247981,0.8846121870119983
47,57146.00949074074,57146.012083333335,2,107,7.175171852111816,-0.0118438242513478,-0.0165498703718185,-7.788007736206055,0.9234065303015812,0.9233532528901974,0.8525812296229088
47,57146.00949074074,57146.012083333335,2,108,6.440355777740479,0.0044278194460849,0.0050625801086425,-6.59027910232544,0.904941053231088,0.9049524468850502,0.8189389311232395
47,57146.00949074074,57146.012083333335,2,109,7.426734924316406,0.0080756274865258,-0.0048950910568237,-7.366359710693359,0.9032499888784294,0.9032360716264576,0.815835401087195
47,57146.00949074074,57146.012083333335,2,110,7.330743789672852,-0.0026607809343747,-0.0067370105534791,-8.172667503356934,0.9165188612211465,0.9165375118936137,0.8400410107081361
47,57146.00949074074,57146.012083333335,2,111,7.593767642974853,-0.0065587881139859,-0.0101881548762321,-8.067570686340332,0.9182716870017908,0.9182708235112498,0.8432213053120288
47,57146.00949074074,57146.00994143186,2,112,8.18437671661377,-0.0063533613713512,-0.0047985613346099,-7.774757385253906,0.9150776398459952,0.9150780600001464,0.8373678558936316
47,57146.00949074074,57146.012083333335,2,113,7.102499485015869,-0.0050953075969114,0.0007440894842147,-7.604140281677246,0.914020001452144,0.9140282527173282,0.8354476467654921
47,57146.00949074074,57146.012083333335,2,114,7.829004287719727,-0.0097872277281837,-0.0033363699913024,-807.6011657714844,0.9181183795916534,0.9180887639278924,0.8428869784506453
47,57146.00949074074,57146.012083333335,2,115,7.905510902404785,-0.0022010560961673,0.0087685957551002,-6.981968879699707,-0.9079130663066768,-0.9079326977259118,0.8243417835998519
47,57146.00949074074,57146.012083333335,2,116,7.019205570220947,-0.0012919122117323,0.0019885152578353,-6.58470344543457,0.9014435726017744,0.9014647874233754,0.8126387629642714
47,57146.00949074074,57146.012083333335,2,117,7.195236682891846,-0.001049874010098,-0.0032423138618469,-7.170178890228272,0.912350278362977,0.912372083870398,0.8324228194260127
47,57146.00949074074,57146.012083333335,2,118,8.013504028320312,-0.0020161091527315,-0.007221519947052,-8.222223281860352,0.9283934766310492,0.9284140933602736,0.861952728749979
47,57146.00949074074,57146.012083333335,2,119,8.314212799072266,-0.0048165752217396,-0.0097072571516036,-728.5130500793457,0.9124925681748912,0.9125022676525004,0.8326603884709555
47,57146.00949074074,invalid_time,2,120,8.043342590332031,-0.002579349263893,0.002301275730133,-7.782110214233398,0.9217498747856296,0.921768908458424,0.8496579206006343
47,57146.00949074074,57146.012083333335,2,121,8.1353120803833,-0.0020239469008944,-0.003222856670618,-7.591147899627685,0.9149444759571306,0.9149647117250768,0.8371604237021526
47,57146.00949074074,57146.012083333335,2,122,6.89941930770874,-0.0055484288933313,-0.0075983637943863,-7.888924598693848,0.9089493283300362,0.9089547204814548,0.8261986838855198
47,57146.00949074074,57146.012083333335,2,123,7.963499069213867,-0.0018305224381586,-0.0005700290203094,-7.819415092468262,0.9320615612388796,0.9320826630344412,0.8687780907293758
47,57146.00949074074,57146.012083333335,2,124,8.49006462097168,0.0017510263615847,-0.0039908215403556,-8.076149940490723,0.9208035968883987,-0.9208245591698954,0.8479178687704322
47,57146.00949074074,57146.012083333335,2,125,8.277297973632812,0.0004880893616203,-0.0092174028977751,-8.188258171081543,0.9107939901697162,0.9108162406395304,var-error
47,57146.00949074074,57146.012083333335,2,126,7.864858150482178,0.0065565326431137,0.0061574093997478,-8.383845329284668,0.9190979839219278,0.9190971867648072,0.8447396387189827
47,57146.00949074074,57146.012083333335,2,127,6.958252906799316,-0.0030401789813554,0.0072809197008609,-7.930709362030029,0.9226634483781704,0.9226811280801588,0.8513404641152741
47,57146.00949074074,57146.012083333335,2,128,7.711861610412598,-0.0030848618300095,-0.0081222355365753,-7.811763763427734,0.9240085136312444,0.9240260923061396,0.8538242192625546
48,57146.01226851852,57146.01486111112,2,-10,3.394576072692871,-0.005148360897571,-0.0086322203278541,-3.8409600257873535,0.8549927393586457,0.8549982380543911,0.7310219870761133
48,57146.01226851852,57146.01486111112,2,-10,6.650469779968262,-0.0077753545010433,-0.0075086168944835,-6.587601184844971,0.8970653330969118,0.8970536680849507,0.8047052834246649
48,57146.01226851852,57146.01486111112,2,0,3.392369747161865,0.0032943099303277,0.0021093934774398,-3.626791477203369,0.8501958052376334,0.8502103046089334,0.7228575620632154
48,57146.01226851852,57146.01486111112,2,1,3.708862781524658,-0.0023879343651561,0.0065255388617515,-3.282377243041992,0.8503364454679179,0.8503539777994774,0.7231018875593941
48,57146.01226851852,57146.01486111112,2,2,4.108668804168701,-0.0040549792196359,-0.0019206777215003,-3.4880805015563965,0.863522450036743,0.8635341381578385,0.745691207764001
48,57146.01226851852,57146.01271920965,2,3,5.053894519805908,-748.2842277231209,-0.0153499543666839,-5.536837577819824,0.8868996921217617,0.8868494460285185,0.78650193992109
48,57146.01226851852,invalid_time,2,4,4.629012107849121,-0.0016536634786718,-0.0043091624975204,-5.251932144165039,0.8725030004086277,0.8725228630519019,0.7612961465482879
48,57146.01226851852,57146.01486111112,2,5,3.3410472869873047,-0.0036603218112944,-63.407414855309526,-3.7991559505462646,0.8579059814480751,0.8579192439626525,0.7360254291614492
48,57146.01226851852,57146.01486111112,2,7,3.130606174468994,-0.0045303435819498,-63.407414855309526,-3.3905770778656006,0.8540077237039964,0.85401668254986,0.7293444940734684
48,57146.01226851852,57146.01486111112,2,8,4.492537498474121,-0.0056049777288868,-0.0041171312332153,-3.967931032180786,0.8599520889921296,,0.7395225054783754
48,57146.01226851852,57146.01486111112,2,9,3.7755279541015625,-0.0029461533901448,0.001667003147304,-3.878605365753174,-0.8519596980218037,0.8519755290653117,0.7258623021261178
48,57146.01226851852,57146.01486111112,2,10,4.835776329040527,0.0064976428038782,-0.0001199878752231,-3.590597629547119,0.8535790992992133,0.8535753325390609,0.7285908483191684
48,57146.01226851852,57146.01486111112,2,12,3.4155993461608887,0.0002394287626892,0.0046926625072956,-5.077125549316406,,,0.7286696580832646
48,57146.01226851852,57146.01486111112,2,13,5.035900115966797,0.0024961667688533,0.0030471384525299,-4.700160980224609,0.8669632743099637,0.8669809744465095,var-error
48,57146.01226851852,57146.01486111112,2,14,4.747980117797852,0.0006725539376746,0.0006320290267467,-4.4637980461120605,0.8748806645731878,0.8749018942418684,0.7654533245480095
48,57146.01226851852,57146.01486111112,2,15,5.547130584716797,-0.0056806946066399,-0.0116320475935935,-4.204501628875732,0.8740168563208222,0.874019861731162,0.7639107187005595
48,57145.950779198894,57146.01486111112,2,17,6.260412216186523,-0.0004420188246092,0.0006830603815615,-6.0758585929870605,0.917102933108774,0.917125351802226,0.8411189109183568
48,57146.01226851852,57146.01271920965,2,18,7.012908935546875,-0.0080106724119497,-0.0126926824450492,-6.115985870361328,0.9552778908494886,0.9552677647343156,0.9125365023404958
48,57146.01226851852,57146.01486111112,2,19,8.096571922302246,0.0095781618676167,0.0056162774562835,-6.125636577606201,0.8900896517118104,0.890059975889838,0.792206760681019
48,57146.01226851852,57146.01486111112,2,20,7.706046104431152,0.0052700647508499,-0.003142312169075,-8.419559478759766,0.920058733802638,0.920066248854158,0.8465219022805612
48,57146.01226851852,57146.01486111112,2,21,7.833021640777588,0.0102682833189989,0.0145886279642581,-7.777476787567139,0.8950635894876069,0.8950266704791244,0.8010727408689472
48,57146.01226851852,57146.01486111112,2,22,7.10347843170166,0.0110597472561764,0.0206797942519187,-8.196267127990723,0.9077107127085056,0.9076656269813442,0.8238568904034368
48,57146.01226851852,57146.01486111112,2,23,8.204793930053711,0.0018375208038332,-0.0009539015591144,-8.203012466430664,0.9273533913532708,-0.9273743612279044,0.8600232058628636
48,57146.01226851852,57146.01486111112,2,24,8.359848022460938,-0.0063503345926428,-0.0043823793530464,-8.21465015411377,0.919928767113996,0.9199294714222728,0.8462702323912621
48,57146.01226851852,57146.01486111112,2,25,8.196905136108398,0.0078529324567544,0.008789325132966,-8.078866958618164,0.9257005841771824,0.9256900323817884,0.8569020360509966
48,57146.01226851852,57146.01486111112,2,26,8.135414123535156,-0.0020726180666799,0.0015944950282573,-8.192523956298828,0.9238917650064004,0.9239121499443388,0.8536136608147701
48,57146.01226851852,invalid_time,2,27,8.194894790649414,-0.008255284400148,-0.0030798260122537,-7.780445098876953,0.9339556532832116,0.9339421492612028,0.8722479381666346
48,57146.01226851852,57146.01486111112,2,28,8.033299446105957,-0.003834022766193,-0.0015636906027793,-7.697503089904785,0.9442915059397772,0.9443069414817508,0.8917155997306189
48,57146.01226851852,57146.01486111112,2,29,8.31428050994873,0.0009518561527811,0.0068807750940322,-8.372825622558594,-0.9481013670580382,0.9481242136207922,0.8989395244540458
48,57146.01226851852,57146.01486111112,2,30,7.735826969146728,0.0014668467809957,0.0017994306981563,-8.10568618774414,0.9344827442831876,0.9345045586324564,0.8732987701048419
48,57146.01226851852,57146.01486111112,2,31,8.307063102722168,-0.0088627217249148,0.0011885613203048,-8.2506103515625,0.939685527056755,0.9396668227056898,0.8829737376938062
48,57146.01226851852,57146.01486111112,2,32,7.802558898925781,-0.0072716389305484,-0.0049378275871276,-8.227157592773438,0.9479384077789448,0.9479338596471178,0.8985786022654818
48,57146.01226851852,57146.01486111112,2,33,8.064508438110352,0.0006125242467613,0.0017974972724914,-8.28965950012207,0.9211724618454428,0.9211949045004236,0.8486000520775447
48,57146.01226851852,57146.01486111112,2,34,7.432985782623291,-0.0022200890477265,-0.0044948682188987,-8.023767471313477,0.9207775213987832,0.920797478155966,0.847867995778387
48,57146.01226851852,57146.01486111112,2,35,8.037543296813965,-0.0034145923084058,0.0017200410366058,-7.859051704406738,-0.9263379130855331,0.9263543895474912,0.8581324550339052
48,57146.01226851852,57146.01486111112,2,36,8.193709373474121,-0.0056339548102145,-0.0112719014286994,-8.109928131103516,0.9206838087839716,0.9206892045177172,0.8476686113154668
48,57146.01226851852,57146.01486111112,2,36,8.193709373474121,-0.0056339548102145,-0.0112719014286994,-8.109928131103516,0.9206838087839716,0.9206892045177172,0.8476686113154668
48,57146.01226851852,57146.01486111112,2,37,8.119104385375977,-0.0062349732537821,-0.0061399415135383,-8.175332069396973,0.943474921657518,0.9434775238149132,0.8901498379439202
48,57146.01226851852,57146.01486111112,2,38,7.494057655334473,-0.0011447367407632,-0.0018441528081893,-829.0021896362305,0.9293409754775904,0.9293631085714232,0.8637157875735393
48,57146.01226851852,57146.01486111112,2,39,7.265020370483398,-0.0027426613580696,0.0023178607225418,-7.548823356628418,0.9162604094472958,0.9162788167687748,0.839566870059186
48,57146.01226851852,57146.01486111112,2,40,8.234691619873047,0.0029265271462595,-0.0083037689328193,-8.082921981811523,,0.9189843827460284,0.8445322957310988
48,57146.01226851852,57146.01486111112,2,41,7.91772985458374,0.0080279557238781,0.0160780139267444,-7.363420486450195,0.9151650105696798,0.9151522865164738,0.8375037075163303
48,57145.950779198894,57146.01486111112,2,43,8.03387451171875,0.0035521239594478,0.0106937289237976,-7.458829402923584,0.9171437351518392,0.9171593835435472,0.8411813348219797
48,57146.01226851852,57146.01486111112,2,44,8.301104545593262,-748.2842277231209,-0.0094356089830398,-7.638627052307129,0.9298042929534268,0.9297964225223722,0.8645213873354016
48,57146.01226851852,57146.01271920965,2,45,8.03187084197998,-0.0096627036731859,-0.0161790512502193,-7.388890266418457,0.926959681723053,0.9269320929715434,0.859203104980606
48,57146.01226851852,57146.01486111112,2,46,799.352502822876,0.0047141838705645,0.0014350041747093,-7.6260151863098145,0.9402475143459336,0.9402588010935268,0.8840866130338363
48,57146.01226851852,57146.01486111112,2,47,8.217483520507812,0.0044606574266221,0.0026978850364685,-7.549113750457764,0.9386165417560026,0.9386290138298268,0.8810244256031529
48,57146.01226851852,57146.01486111112,2,48,8.059821128845215,0.0008053745743264,0.0031658113002777,-7.67441463470459,0.9305920350398632,0.930614553163826,-0.8660434465603074
48,57146.01226851852,57146.01486111112,2,49,7.833282947540283,0.0076440654570552,0.0082904770970344,-8.007807731628418,0.9373913635442336,0.937383227633418,0.8786873154484444
48,57146.01226851852,57146.01486111112,2,50,765.7319068908691,0.0005886893240113,0.0003601461648941,-7.038388729095459,0.9172637575726608,0.917286105577172,0.8414137994849349
48,invalid_time,57146.01486111112,2,51,7.764378070831299,-0.0021959971367918,-0.0033898279070854,-7.7954840660095215,0.925003577934624,0.925023697137122,0.8556688402652302
48,57146.01226851852,57146.01486111112,2,52,8.276532173156738,0.0001959110124339,-0.0029184781014919,-7.866193771362305,0.9417008161294856,0.94172393876448,0.8868439768420864
48,57146.01226851852,57146.01486111112,2,53,7.977924823760986,0.0037777441051128,0.0021431818604469,-7.057137966156006,0.9260173548888764,0.92603240424327,0.8575360137085709
48,57146.01226851852,57146.01486111112,2,54,7.826509475708008,0.0081976622006313,0.01059290766716,-7.725770950317383,0.9158850083979304,-0.915870818642956,0.8388193564417185
48,57146.01226851852,57146.01486111112,2,56,8.197628021240234,0.0005336501164619,0.000212013721466,-789.8443222045898,0.9018991758618244,0.9019211708598122,0.8134617984451344
48,57146.01226851852,57146.01486111112,2,57,7.473048210144043,0.00766809611563,0.0155647918581962,-7.848701000213623,0.9141017162570386,0.9140920137765696,0.8355642096501045
48,57146.01226851852,57146.01486111112,2,58,7.800833225250244,0.0099455420156536,0.012441411614418,-7.434370040893555,0.910300473974244,0.9102685043447448,var-error
48,57146.01226851852,57146.01486111112,2,59,7.725233554840088,-0.0001329806415795,-0.0038573034107685,-5.909992218017578,0.9051570463415312,0.9051792793095428,0.8193495276913434
48,57146.01226851852,57146.01486111112,2,60,7.21768045425415,0.0019414090616618,0.0118025429546833,-6.935020446777344,0.9002909707346232,0.9003110027658501,0.8105599017012506
48,57146.01226851852,57146.01486111112,2,61,8.436664581298828,0.0048499479627202,-0.0047370940446853,-7.180983543395996,0.8937681923928915,0.8937769916400318,0.7988373107851053
48,57146.01226851852,57146.01486111112,2,62,7.592118263244629,0.0051227180327323,-0.0041948333382606,-7.4478864669799805,0.8887534918408853,0.888760561054997,0.7898953348867931
48,57146.01226851852,57146.01486111112,2,63,7.081808090209961,0.0046079178256067,0.0024297684431076,-7.515589714050293,0.9022486594318616,0.90225906149463,0.8140714140491703
48,57146.01226851852,57146.01486111112,2,64,7.536884307861328,-0.0055079255092155,-0.00692680478096,-8.276267051696777,0.9107797066994342,0.9107854379979904,0.8295301140691912
48,57146.01226851852,57146.01486111112,2,65,8.051534652709961,-0.008149097504484,-0.0139778703451156,-7.854247093200684,0.9035328564541856,0.9035183075750076,0.816345332123206
48,57146.01226851852,57146.01486111112,2,65,8.051534652709961,-0.008149097504484,-0.0139778703451156,-7.854247093200684,0.9035328564541856,0.9035183075750076,0.816345332123206
48,57146.01226851852,57146.01486111112,2,66,8.361024856567383,-0.0107004212983079,-0.0083746463060379,-8.009974479675293,0.8968453012417317,0.896803498323944,0.8042565146060642
48,57146.01226851852,57146.01486111112,2,67,7.131309509277344,-0.0033709602582351,-0.0075350701808929,-7.548039436340332,0.8807919240727635,-0.8808071076684941,0.7758211609193383
48,57146.01226851852,57146.01486111112,2,68,751.6579627990723,0.0020320587528213,-0.0018035322427749,-7.297939300537109,0.8944019461792788,0.894421606457019,0.7999900100971544
48,57146.01226851852,57146.01486111112,2,69,8.38778305053711,-0.0068837524654567,-0.0030699595808982,-7.204602718353272,0.9025751891955426,0.9025711093618808,0.814634607454736
48,57145.950779198894,57146.01486111112,2,70,7.963790416717529,0.0052285139474381,0.0061624776571989,-8.017729759216309,0.9016037091307316,0.901610697111968,0.8129018491467288
48,57146.01226851852,57146.01486111112,2,71,8.31294059753418,0.0072832619657902,0.0044782161712646,-7.884932518005371,0.9004315782457769,0.9004242380516486,0.810763808470892
48,57146.01226851852,57146.01486111112,2,72,8.053132057189941,-0.0062580808201792,-0.0043226554989814,-6.636366844177246,0.9041982291537394,0.9041987801023144,0.8175754339385134
48,57146.01226851852,57146.01486111112,2,73,6.896724700927734,-0.0174448965981958,-63.407414855309526,-7.190816402435303,0.8922801342665502,0.8921314974358032,0.7958986087170487
48,57146.01226851852,57146.01486111112,2,73,6.896724700927734,-0.0174448965981958,-63.407414855309526,-7.190816402435303,0.8922801342665502,0.8921314974358032,0.7958986087170487
48,57146.01226851852,57146.01486111112,2,74,7.765498161315918,-0.0075951007114119,-0.0116760283708572,-7.564681053161621,0.9059157430585169,0.9059061539059446,0.8206659596846612
48,57146.01226851852,57146.01486111112,2,75,8.376630783081055,-0.0067213497656208,-0.0030016526579856,-8.27480697631836,0.9253012605941832,0.9252995789146962,0.856179310739714
48,57146.01226851852,57146.01486111112,2,76,7.319445610046387,0.0010811533094847,0.0013407990336418,-7.40712833404541,0.8969212157676945,0.896942593665606,0.8045060163315844
48,57146.01226851852,57146.01486111112,2,77,8.360158920288086,0.0027140466728732,0.0097689628601074,-7.641269207000732,0.9095446599915854,0.9095629512503324,0.8273047622872146
48,57146.01226851852,57146.01486111112,2,78,8.170936584472656,0.0063441813460753,0.0135334730148315,-8.024319648742676,0.920759988359529,0.9207607475084458,0.8478003541523119
48,57146.01226851852,57146.01486111112,2,79,7.751276016235352,0.0035963414119315,0.0066525936126708,-7.804298877716064,0.9209307093404996,0.9209463096412546,0.8481421052418455
48,57146.01226851852,57146.01486111112,2,80,7.935941696166992,-0.006251323779867,-0.0106528997421264,-7.736482620239258,-0.9054342837715328,0.9054349424174426,0.8198124349504776
48,57146.01226851852,57146.01486111112,2,83,6.857447624206543,0.0101813263800431,0.0077899619936943,-6.271869659423828,0.9048320896429296,,0.818657668061155
48,57146.01226851852,57146.01486111112,2,84,6.94255256652832,0.0079480945717151,0.0095334090292453,-7.726048469543457,0.9089229643258084,0.9089105381735588,0.8261183664029482
48,57146.01226851852,57146.01486111112,2,85,7.4273786544799805,0.0149955086065157,0.019957285374403,-6.346883773803711,0.9133018869324612,0.9132012018004496,0.8339364349697854
48,57146.01226851852,57146.01486111112,2,86,7.986427783966064,-0.0045609898056292,-0.0023505855351686,-7.596741676330566,0.9280930293636136,-0.928104620338792,0.8613781862942134
48,57146.01226851852,57146.01486111112,2,87,7.182489395141602,0.0016402300277361,0.0053361058235168,-7.999194145202637,0.9317875234487702,0.9318089723959684,0.8682679610376308
48,57146.01226851852,57146.01486111112,2,88,7.321982383728027,0.0060094219624302,0.0075885951519012,-8.24911880493164,0.9250124081437728,0.9250156110456864,0.8556538806782249
48,57146.01226851852,57146.01486111112,2,88,7.321982383728027,0.0060094219624302,0.0075885951519012,-8.24911880493164,0.9250124081437728,0.9250156110456864,0.8556538806782249
48,57146.01226851852,57146.01271920965,2,89,5.4750590324401855,-0.0027968228088479,0.0013243407011032,-632.9491138458252,0.8844097834305347,0.8844270832607111,0.7822112656050488
48,57146.01226851852,57146.01486111112,2,90,5.979830741882324,-0.0005526299679327,-0.0041406005620956,-6.539763927459717,0.8991017247323271,0.8991236379760542,0.8084233163672946
48,57146.01226851852,57146.01486111112,2,91,7.645449638366699,0.0084772347744965,0.0056029595434665,-7.431683540344238,0.9272028159763523,0.9271868480754966,0.8596754512441739
48,57146.01226851852,57146.01486111112,2,92,8.21194839477539,-0.0006222075386022,-0.005489096045494,-7.372188091278076,0.9166188279649834,0.916641131212634,0.8402309634307776
48,57146.01226851852,57146.01486111112,2,93,6.296661376953125,0.0109711074476078,0.0142896398901939,-6.484104156494141,0.8844990053048936,0.8844526839839217,0.7822565502063629
48,57146.01226851852,57146.01486111112,2,94,6.677855491638184,0.009738980767988,0.0054321885108947,-6.136393070220947,0.8951279506598973,0.8950969532800032,0.8011985557711442
48,57146.01226851852,57146.01486111112,2,96,6.495297908782959,0.0015525707830651,-0.0007628388702869,-610.8083724975586,0.9080165722472182,0.9080375469272656,0.8245321866296863
48,57146.01226851852,57146.01486111112,2,97,6.053446769714356,0.0096784735312314,0.0072064995765686,-5.762237548828125,0.8895874262287157,0.8895566242483048,0.7913109877440397
48,57146.01226851852,57146.01486111112,2,99,6.4960808753967285,0.0149015514713934,0.0151310376822948,-6.887692928314209,0.9021489641054216,0.902048039899696,0.8136906662868837
48,57146.01226851852,57146.01486111112,2,100,7.5402512550354,0.0064287471496866,0.0073740556836128,-7.6722540855407715,0.9271574887030468,0.9271579721553708,0.8596219053312594
48,57146.01226851852,57146.01486111112,2,101,5.932966232299805,0.0077883883356343,0.0097279846668243,-6.931867599487305,0.9035372638911472,0.9035258869593072,0.8163590284056028
48,57146.01226851852,57146.01486111112,2,103,786.2287998199463,0.0069464511901465,0.0120687242597341,-7.996482849121094,0.9307676549130166,0.930764593579158,0.8663227286605751
48,57146.01226851852,57146.01486111112,2,104,5.945267200469971,-0.0094830024870025,-0.0085095353424549,-6.516100883483887,0.8874003082783201,0.8873714322899174,0.7874280588442595
48,57146.01226851852,57146.01486111112,2,105,5.1837568283081055,-0.0102083121335091,-0.0119925448670983,-6.964900016784668,0.8830109853405066,0.8829736616741991,0.779642487210343
48,57146.01226851852,57146.01486111112,2,106,8.015511512756348,-748.2842277231209,-0.0050139874219894,-6.658533573150635,0.9196601694705338,0.9196761039601452,0.845804136195312
48,57146.01226851852,57146.01486111112,2,107,5.955053329467773,0.0025775039969106,0.0005217790603637,-6.491825103759766,0.8936880313534272,0.8937062644551315,0.7987108871263453
48,57146.01226851852,57146.01486111112,2,108,4.8419036865234375,0.0064038451593938,0.0097316466271877,-5.530947685241699,0.8759415828736588,0.8759396875699446,0.7672703362601321
48,57146.01226851852,57146.01486111112,2,109,4.268550872802734,0.0100353911013727,0.0163902509957551,-4.7076497077941895,0.8830192601412664,,0.7796606022106326
48,57146.01226851852,57146.01486111112,2,110,4.777738094329834,-0.0064227846465055,-0.0025720931589603,-5.988368988037109,0.8836577086254842,0.8836560697939451,0.7808480496836815
48,57146.01226851852,57146.01486111112,2,111,6.1431803703308105,-0.0042171708462511,-0.0011317376047372,-6.125566482543945,0.8979010438445396,0.8979131937496132,0.8062481035096304
48,57146.01226851852,57146.01486111112,2,114,7.449763298034668,-0.0064057545486286,-0.0157445445656776,-5.683696269989014,0.8877087839960892,0.887707474250959,0.788024559841017
48,57146.01226851852,57146.01486111112,2,115,5.188631057739258,0.0014844970952476,-0.0043498203158378,-5.978479862213135,0.8703080122348436,0.8703281220123839,0.7574710399656028
48,57146.01226851852,57146.01486111112,2,116,4.130524635314941,-0.0048011158183926,-0.0053963065147399,-4.268540382385254,0.863851403861888,0.863859278894732,0.7462528537325265
48,57146.01226851852,57146.01486111112,2,118,6.840316295623779,0.000732615131708,-0.0009374395012855,-7.151156902313232,0.8732290380127599,0.8732501783010596,0.7625658739028324
48,57146.01226851852,57146.01486111112,2,118,6.840316295623779,0.000732615131708,-0.0009374395012855,-7.151156902313232,0.8732290380127599,0.8732501783010596,0.7625658739028324
48,57146.01226851852,57146.01486111112,2,119,6.124711036682129,0.0072773494347702,0.012576837092638,-6.450039863586426,0.8796908353524154,0.8796823390467122,0.7738410176306948
48,57146.01226851852,57146.01486111112,2,120,6.518890380859375,0.0029121406932259,0.0014740079641342,-7.1503095626831055,-0.877617234095486,0.8776339577767062,0.7702413638428052
48,57146.01226851852,57146.01486111112,2,121,6.122511386871338,-0.0046359825974398,-0.0088727436959743,-6.954732894897461,0.8763940230297851,0.876403286197811,0.7680827200583223
48,57146.01226851852,57146.01486111112,2,122,4.097368240356445,0.0066524523284561,0.0057367105036973,-5.709773063659668,0.8750311961538887,0.8750273993089889,-0.7656729495414527
48,57146.01226851852,57146.01486111112,2,123,4.618088722229004,-0.0011869426222445,0.0006247833371162,-6.584926605224609,0.8806052615920109,0.8806260904363321,0.775502311157179
48,57146.01226851852,57146.01486111112,2,124,6.014414310455322,0.0055134356281519,0.0165324993431568,-5.803720474243164,0.8922617358738812,0.8922666161541445,0.7961397143031674
48,57146.01226851852,57146.01486111112,2,125,5.243486404418945,0.0043885781287113,0.0047695487737655,-5.968866348266602,0.8888477120723327,0.8888587089356187,0.790069804450695
48,57146.01226851852,57146.01486111112,2,126,5.690608501434326,-0.0039953693972322,-0.0047971475869417,-7.50349760055542,0.8959249362356522,0.8959380323732088,0.8027049578527768
48,57146.01226851852,57146.01486111112,2,127,7.250216007232666,-0.021417567107402,-0.0268730446696281,-7.537082672119141,0.8980532266973564,0.8978198488947904,0.8060804810694643
48,57146.01226851852,57146.01486111112,2,128,6.773744583129883,-0.0125073109432649,-0.0093776956200599,-7.384035587310791,0.9022392035399828,0.9021746659523784,0.8139191278862857
150,57145.92319444445,57145.92569444444,2,-10,7.933220863342285,-0.0031031207287172,-0.0048153474926948,-7.439591407775879,0.9847137565004852,0.9847339165809998,0.9697008864649556
150,57145.96162037037,57145.96412037037,2,-10,6.066475868225098,-0.0085966461287997,-0.0071318633854389,-4.354857444763184,0.9054764377558518,-0.9054586612269436,var-error
150,57145.98819444444,57145.99078703704,2,-10,7.909743309020996,-0.0081437570340493,-0.0050463117659091,-8.104423522949219,0.9019688895033536,0.9019542769072224,0.8135215176312305
150,57146.00393518519,57146.006527777776,2,-10,7.28790807723999,0.0070711541790951,0.0039307698607444,-8.164034843444824,0.9450682482075304,0.9450650512037128,0.8931479510066762
150,57146.00949074074,57146.012083333335,2,-10,3.3221898078918457,0.009973718989354,0.0094645582139492,-4.024596214294434,0.8568732796074833,0.8568362767350808,0.7341684051292359
150,57146.01226851852,57146.01486111112,2,-10,6.16383171081543,-0.0089149551768222,-0.0102580897510051,-4.780599117279053,0.8788575651472643,0.8788339329749647,0.7723490817482447
150,57145.92319444445,57145.92569444444,2,-10,7.933220863342285,-0.0031031207287172,-0.0048153474926948,-7.439591407775879,0.9847137565004852,0.9847339165809998,0.9697008864649556
150,57145.92050925926,57145.92300925926,2,0,3.818869113922119,0.0061012536801061,0.013555034995079,-3.731679201126098,0.9459539343471464,0.9459583212254474,0.8948371454956667
150,57145.92800925926,57145.93050925926,2,1,5.096667766571045,-0.007864252012869,-63.407414855309526,-3.830980062484741,0.9343793442010776,0.9343751843122452,0.873056985058542
150,57145.85374216185,57145.91773148148,2,2,5.164854049682617,-0.0004136868318338,0.008404441177845,-4.31947660446167,0.9595995755853598,0.9596238971821808,0.9208780240431168
150,57145.99652777778,57145.99912037037,2,4,5.175548076629639,0.0008652121963983,-63.407414855309526,-5.98979377746582,0.9267314294551692,0.9267537872615444,0.8588725822036157
150,57145.89976851852,57145.90003402445,2,4,8.086699485778809,-0.003141545123076,0.000513270497322,-7.080987930297852,1.0563865644886865,1.056409761315275,1.1160015838021962
150,57145.94347222222,57145.945972222224,2,6,3.9884166717529297,-0.0102815559734581,-0.0029553808271884,-3.6848549842834473,0.9109878662929706,0.9109580552554172,0.8298445784347318
150,57145.90236111111,57145.90486111112,2,6,4.3850297927856445,0.0051119392624505,0.0149282589554786,-4.645716667175293,1.001277749340016,1.0012901706353246,1.0025820058109174
150,57145.89976851852,57145.90217592593,2,8,8.336213111877441,-0.0084567775236095,-0.0017472505569458,-777.4689674377441,1.0413637197600305,1.0413568592528382,1.0844241083129356
150,57145.90773148148,57145.91023148148,2,9,5.3403096199035645,0.0034218055823811,0.0066735073924064,-6.243151664733887,0.983234247575502,0.9832533052031244,0.9667870621928684
150,57145.90773148148,57145.91023148148,2,9,5.3403096199035645,0.0034218055823811,0.0066735073924064,-6.243151664733887,0.983234247575502,0.9832533052031244,0.9667870621928684
150,57145.917916666665,57145.92032407408,2,12,5.33595609664917,-0.0098009759539,-0.0149501115083694,-3.825566291809082,0.9519482453775702,0.9519229018039236,0.9061572109788024
150,57145.98550925926,57145.985867357784,2,12,473.3009338378906,0.0028972959820626,-63.407414855309526,-3.581151962280273,0.8890489869056362,0.8890706513778561,0.7904466231414453
150,57145.98550925926,57145.985867357784,2,12,473.3009338378906,0.0028972959820626,-63.407414855309526,-3.581151962280273,0.8890489869056362,0.8890706513778561,0.7904466231414453
150,57145.917916666665,57145.92032407408,2,12,5.33595609664917,-0.0098009759539,-0.0149501115083694,-3.825566291809082,0.9519482453775702,0.9519229018039236,0.9061572109788024
150,57145.951527777775,57145.95393518519,2,13,5.6463623046875,0.0136542651804069,0.0158178359270095,-4.336170196533203,-0.9146385238071332,0.9145607247678132,0.8364213192878278
150,57146.00671296296,57146.00930555556,2,13,4.975674152374268,0.0023789018295487,0.0054010525345802,-7.608751773834228,,0.8672089131468385,0.7520512990413207
150,57146.00671296296,57146.00930555556,2,13,4.975674152374268,0.0023789018295487,0.0054010525345802,-7.608751773834228,,0.8672089131468385,0.7520512990413207
150,57145.94615740741,57145.94865740741,2,14,3.688153743743897,-0.0059724633932286,-0.0077773556113243,-4.217569828033447,-0.9181444105161872,0.918149172687376,0.842997903306513
150,57145.90773148148,57145.91023148148,2,14,8.000536918640137,-0.0128952573797866,-0.0171434879302978,-8.015718460083008,0.9994392624904423,0.9993814945446284,0.9987633716382552
150,57145.91523148148,57145.91773148148,2,16,8.566812515258789,0.0031602890175976,-0.0020413100719451,-8.956429481506348,0.992655949885926,0.9926761771861892,0.985405992752986
150,57146.01226851852,57146.01486111112,2,16,5.748355388641357,9.3038649324011e-05,-0.0021865796297788,-5.659693717956543,,0.8713764824296453,0.7592969741314619
150,57145.90236111111,57145.90486111112,2,18,8.058963775634766,-0.0038157982132899,-0.0045307874679565,-6.497109413146973,1.2517693610863296,1.251795389780933,1.5669916978767984
150,57145.917916666665,57145.92032407408,2,19,4.859012603759766,0.0103264832979236,0.00142702460289,-6.157828330993652,0.9621475067046,0.9621174700182372,0.9256700261142938
150,57145.83559401371,57145.89958333333,2,19,6.813301086425781,0.0120893643273293,0.013380080461502,-6.203372001647949,1.0539661477652975,-1.0539293400284853,var-error
150,57145.83559401371,57145.89958333333,2,19,6.813301086425781,0.0120893643273293,0.013380080461502,-6.203372001647949,1.0539661477652975,-1.0539293400284853,var-error
150,57145.9125462963,57145.91504629629,2,21,6.940482139587402,-0.0012860547482596,-0.0032779723405838,-6.888370990753174,1.0007528361719793,1.0007817529489849,1.001564117035643
150,57145.98550925926,57145.98800925926,2,21,5.614169120788574,-0.0042859824590565,-0.000402346253395,-6.928655624389648,0.9142788080041944,0.914295896038418,0.8359369855126936
150,57145.90773148148,57145.91023148148,2,22,7.422052383422852,-0.0120507445608515,-0.0156185179948806,-7.086610794067383,1.028388358933514,1.0283439255086355,1.05749122913051
150,57145.94347222222,57145.945972222224,2,23,6.233767509460449,0.0036513060869943,0.0001652315258979,-5.750038146972656,0.93604020888961,0.9360620752326636,var-error
150,57145.89708333334,57145.89958333333,2,23,7.933104515075684,-0.0027324117998937,-63.407414855309526,-8.281410217285156,1.06003665464204,1.0600658637346387,1.1237396354554656
150,57145.951527777775,57145.95393518519,2,24,7.068926811218262,0.0035903944434085,-0.0070896595716476,-7.467816829681396,0.9321364838796834,0.9321541749397044,0.8689114058575212
150,57145.900131050745,57145.96412037037,2,25,7.951812744140625,0.003338860826795,0.008165992796421,-7.781888961791992,0.9317185691544098,0.9317362880134824,0.8681325104011428
150,57145.99652777778,57145.99912037037,2,25,7.548683643341064,0.0013588223004691,-0.0024406760931015,-8.293014526367188,0.92622026244832,0.92624202825292,0.857924294902083
150,57145.94615740741,57145.94865740741,2,26,7.60339879989624,-0.0036757947272033,-0.0036310255527496,-6.1954450607299805,0.9330140083985886,0.9330313472605942,0.8705474949709195
150,57145.90236111111,57145.90486111112,2,26,8.811064720153809,-0.0031083715977607,-0.003826804459095,-8.308364868164062,1.0600919152409964,1.060114330608671,1.1238423939618707
150,57145.94615740741,57145.94865740741,2,26,7.60339879989624,-0.0036757947272033,-0.0036310255527496,-6.1954450607299805,0.9330140083985886,0.9330313472605942,0.8705474949709195
150,57145.917916666665,57145.92032407408,2,27,6.811626434326172,0.0110001431095476,0.02749914675951,-7.195962905883789,0.984891999339596,0.9848565482899088,0.9699424207095136
150,57145.9050462963,57145.90754629629,2,29,8.298869132995605,-0.0014240780038673,0.0036180615425109,-8.136239051818848,1.0580623596195005,1.0580888815941958,1.1195520813532562
150,57145.9488425926,57145.95134259259,2,30,7.961867809295654,-0.0027069955285612,-0.0052286311984062,-8.221972465515137,0.9365269937523604,0.9365488310350812,0.877123712913177
150,57145.96699074074,57145.96949074074,2,30,7.614144325256348,0.0036971313831499,0.0086333751678466,-8.241053581237793,0.9628393388321904,0.962857291892656,-0.9270941645508594
150,57146.00115740741,57146.00160809853,2,32,7.636516571044922,-0.0074663571122939,-0.0035935044288635,-8.215730667114258,0.9649370300545264,0.9649368623326366,0.9311031482883536
150,57145.92401993964,57145.98800925926,2,35,6.566775321960449,-0.0026617928304814,0.008225068449974,-6.864475250244141,0.996612099256726,0.996638125929958,0.9932875540571788
150,57145.92050925926,57145.92300925926,2,37,7.861433029174805,-0.0128518934455455,-0.0084070935845375,-8.456518173217773,0.9839449064432026,0.9838859989429298,0.9680316589159268
150,57145.95893518518,57145.96143518519,2,37,7.356589794158935,0.0042754989117095,-0.0019224286079406,-6.955811500549316,0.9655333109071492,0.9655537476718744,0.9322940396432016
150,57145.98819444444,57145.99078703704,2,37,8.261795043945312,-0.0062726880270822,-0.00501199811697,-7.019148826599121,0.9887831402505014,0.9887875455647428,0.9777008102639486
150,57145.93069444445,57145.93319444444,2,40,4.161094665527344,0.0031889752473202,0.0010220557451248,-3.729396343231201,0.9475810434503644,0.9475997822702174,0.8979453473585634
150,57145.96699074074,57145.96949074074,2,43,7.381628036499023,0.0093308029256195,0.015058010816574,-6.704960823059082,,1.0022512431551114,1.004507554405966
150,57145.92050925926,57145.92086735779,2,45,7.216375827789307,-0.0045066058098145,-0.0135453641414642,-7.893145561218262,0.9956719557261324,0.9956870862110584,0.9913927736474676
150,57145.99097222222,57145.99356481482,2,46,8.244610786437988,0.0051270282368161,0.0040248539298772,-8.156070709228516,0.9613135093164776,0.961323478025813,0.9241428294036456
150,57146.00393518519,57146.006527777776,2,46,7.901806354522705,-0.0069555274402876,-0.0036496520042419,-7.780683517456055,0.9294716576624948,0.9294685155529224,var-error
150,57145.99097222222,57145.99356481482,2,46,8.244610786437988,0.0051270282368161,0.0040248539298772,-8.156070709228516,0.9613135093164776,0.961323478025813,0.9241428294036456
150,57145.88466808778,57145.94865740741,2,48,6.548445701599121,0.0189440229773674,0.021659530699253,-7.009469509124756,-0.9337150785966648,0.9335474756649498,0.8715108893204
150,57145.948001421115,57146.00994143186,2,48,8.06103515625,-0.0067815026781005,-0.0156104415655136,-8.336248397827148,0.9328707401830544,0.9328690353692208,0.8702446371507006
150,57145.92050925926,57145.92300925926,2,49,7.696649551391602,0.006792591326858,0.0126178236678242,-8.288387298583984,1.006553348286384,1.0065560358020915,1.0131550532096212
150,57145.93865740741,57145.94115740741,2,50,8.302145957946777,-0.0021707616523094,-0.0088264569640159,-5.107701301574707,0.991960687084653,0.9919835458113886,0.9840313551605352
150,57145.96162037037,57145.96412037037,2,52,8.063318252563477,-0.018952621659923,-0.0121218338608741,-8.32932186126709,1.025619451956557,1.025470426765395,1.0515895961704007
150,57145.99097222222,57145.99356481482,2,52,7.723016738891602,0.0057695460404745,0.0005214810371398,-8.016072273254395,0.961902638970135,0.9619089887989746,0.9252689027322656
150,57145.86920512482,57145.93319444444,2,53,4.801163673400879,-0.0069040878471475,-0.0069702118635177,-4.766673564910889,0.9694478616799936,0.9694479377205016,0.9398293039505335
150,57146.00949074074,57146.012083333335,2,53,8.141365051269531,0.00016105228312,-0.0031670033931732,-8.155132293701172,0.9481229427530902,0.9481462494029036,0.8989813102567931
150,57145.90236111111,57145.90486111112,2,53,8.018978118896484,0.0096131699827452,0.0172112472355365,-8.43085765838623,1.0528638818313083,1.0528468229750143,1.1084864326485813
150,57145.90236111111,57145.90486111112,2,53,8.018978118896484,0.0096131699827452,0.0172112472355365,-8.43085765838623,1.0528638818313083,1.0528468229750143,1.1084864326485813
150,57145.917916666665,57145.92032407408,2,55,7.883699417114258,-0.0078364985839274,-0.0116479992866516,-7.890727043151855,0.9904387357660114,0.9904338625374254,0.9809592360608036
150,57145.92800925926,57145.93050925926,2,55,6.040901184082031,-0.0008035059641065,0.0014041066169738,-5.364300727844238,0.9647193822951444,0.964748923928606,0.9307404862214028
150,57145.93865740741,57145.94115740741,2,56,8.680262565612793,0.0007944422220739,-0.0045222491025924,-7.291748046875,0.970497574635392,0.9705219399758618,0.9419128359745104
150,invalid_time,57145.945972222224,2,58,5.578660011291504,0.0021357422259762,-63.407414855309526,-6.441614151000977,0.9497309470351476,0.9497579576290012,0.9020401780796116
150,57145.98550925926,57145.98800925926,2,58,6.871147155761719,-0.0021485984382625,0.0025144517421722,-7.31918478012085,0.9653246072826834,0.9653508670804412,0.9319022965729596
150,57145.917916666665,57145.92032407408,2,60,9.034448623657228,-0.004071844770216,-0.0080558061599731,-8.810662269592285,1.0203644304167194,1.0203832377985815,1.0411819519803167
150,57145.917916666665,57145.92032407408,2,61,8.882638931274414,-0.0006219895241951,-0.0050428956747055,-8.150763511657715,1.010841984614918,1.0108684641896994,1.0218550518932417
150,57145.95412037037,57145.95662037037,2,61,6.459858417510986,-748.2842277231209,0.0002705603837966,-7.962797164916992,0.9485651778579878,0.9485832139439212,0.899810113776179
150,57145.96430555556,57145.96680555555,2,61,7.495616912841797,0.0047633147296916,0.000571958720684,-8.090177536010742,0.962197788770246,0.9622104812084498,0.9258490101473964
150,57145.99097222222,57145.99356481482,2,61,7.810935020446777,0.0006940916172281,-0.0078758597373962,-7.92600679397583,0.938961634681282,0.9389844481615646,0.8816917938892779
150,57145.92050925926,57145.92300925926,2,62,8.237915992736816,0.0011251849434839,0.0038784742355346,-8.483505249023438,0.9788396978060718,0.9788639525610712,0.9581746376234832
150,57145.99652777778,57145.99912037037,2,66,7.985687255859375,0.000884908029435,0.0048456490039825,-8.305830001831055,0.9651681507360188,0.9651914869787144,0.9315946065361816
150,57145.96958333333,57145.97208333333,2,67,7.33619499206543,0.0030292069201497,0.0089882016181945,-8.250658988952637,0.9169133384092102,0.9169316664909832,0.8407636810139315
150,57145.89708333334,57145.89958333333,2,67,8.097925186157227,0.0058765219824747,-0.002958208322525,-7.838414669036865,1.082149487147036,1.0821669999596033,1.1710854158015682
150,57145.9488425926,57145.95134259259,2,68,7.581262588500977,0.0096834868451,-0.0036145448684692,-8.82541275024414,0.9655357399241782,,0.9322167186667416
150,57145.89708333334,57145.89958333333,2,71,8.004996299743652,0.0029832649249283,0.0077438317239284,-7.920978546142578,1.0798938921286114,1.0799231853877045,1.1662340863379257
150,57145.9488425926,57145.95134259259,2,72,8.132684707641602,0.0016598622737076,-0.000400573015213,-8.903244018554688,0.9833567389497004,0.9833823559164035,0.9670408579276965
150,57145.92050925926,57145.92300925926,2,73,519.6933269500732,0.00764836353106,0.011823708191514,-6.6756086349487305,0.9736010558037403,0.9735957797183646,0.9478887422854104
150,57145.94347222222,57145.945972222224,2,73,4.803099632263184,-0.008281242253697,-0.0039534643292427,-5.067409515380859,0.9391739856263128,0.9391665586741078,-0.8820338249317664
150,57145.93069444445,57145.93319444444,2,74,4.114389419555664,0.000837178769071,0.0033342689275741,-4.899197101593018,0.955535869786889,0.9555598104319918,0.913094551312824
150,57145.99652777778,57145.99912037037,2,74,7.957505702972412,-0.0077282314052004,-0.0081681907176971,-8.348896980285645,0.9430262949528068,0.9430178022669818,0.8892825753924485
150,57145.95893518518,57145.96143518519,2,77,7.702672958374023,-0.0037556661486024,-0.000115767121315,-7.954507827758789,0.9260508317840566,0.9260719283574156,0.8576092164916225
150,57145.92050925926,57145.92300925926,2,78,5.330611705780029,-0.0088240239626318,-0.0047292951494455,-7.015512466430664,-0.9808700806921066,0.9808553397542366,0.9620771975243988
150,57145.93069444445,57145.93319444444,2,78,4.872210502624512,0.0006194729419079,0.0024318844079971,-6.486965179443359,0.9548114160476416,0.9548355040547676,0.911710839803522
150,57145.96162037037,57145.96412037037,2,78,6.874725341796875,0.0003956481082272,-0.0062387399375438,-7.193006038665772,0.9563839629043396,0.9564082125095904,0.9147166689557898
150,57145.96162037037,57145.96412037037,2,78,6.874725341796875,0.0003956481082272,-0.0062387399375438,-7.193006038665772,0.9563839629043396,0.9564082125095904,0.9147166689557898
150,57145.98550925926,57145.98800925926,2,79,6.919235706329346,0.0072074580673616,0.0086084380745887,-6.625271797180176,0.9039672648508774,0.9039653588362676,0.8171533699759821
150,57146.00393518519,57146.006527777776,2,81,7.833389759063721,0.0039756177777245,0.0026114284992218,-8.132137298583984,0.9175293983434528,0.9175433240086082,0.8418857514327657
150,57146.00949074074,57146.012083333335,2,81,7.269875526428223,-0.0034441690682917,0.0063053667545318,-802.5485992431641,0.9391433161976702,0.9391601022668488,0.882021697689878
150,57146.01226851852,57146.01486111112,2,81,6.667187690734863,-0.0021466859819476,-63.407414855309526,-7.150574684143066,0.9076255781518652,0.9076453340816928,0.8238200524802679
150,57146.00115740741,57146.00375,2,82,6.993616104125977,0.0096935000258109,0.0079031102359294,-8.27484130859375,0.8915077112150596,0.8914814734733262,0.7947392175461728
150,57146.01226851852,57146.01486111112,2,82,7.637026786804199,0.000554207227511,-0.0030776113271713,-6.661535739898682,0.9081528200656712,0.908174959634932,0.8247817573079101
150,57145.92319444445,57145.92569444444,2,83,5.813451766967773,-0.0138422018891665,-0.0198257490992546,-5.160665988922119,0.9598240500504788,0.9597486454274908,0.9211174623999032
150,57145.92319444445,57145.92569444444,2,83,5.813451766967773,-0.0138422018891665,-0.0198257490992546,-5.160665988922119,0.9598240500504788,0.9597486454274908,0.9211174623999032
150,57145.89976851852,57145.90217592593,2,84,8.403090476989746,0.0054427678462415,0.0028155595064163,-7.995019912719727,1.0875667723924414,1.0875819360913987,1.1828344677123153
150,57145.91523148148,57145.91773148148,2,85,8.95356273651123,0.0002965575075416,-0.0008001923561096,-7.549837112426758,1.070516934160187,1.0705441351253342,1.1460647452512496
150,57145.90773148148,57145.91023148148,2,86,7.36164379119873,-0.0069265723234289,-0.0046614408493041,-7.352975845336914,1.0551576042919024,1.055161741826662,1.1133663014146755
150,57145.92050925926,57145.92300925926,2,87,7.531220436096191,-0.0055863663815104,0.0015582628548145,-7.552326202392578,0.9848508279042196,,0.9699493070221432
150,57145.9050462963,57145.90754629629,2,87,7.988218307495117,0.0091812516418096,-63.407414855309526,-8.710384368896484,1.0564756957842665,1.056463201518596,1.1161144961629217
150,57145.96162037037,57145.96412037037,2,88,7.774554252624512,-0.0026562445892978,-0.0026734620332717,-6.777482986450195,0.9469789187777992,0.9469992842817084,0.8968076444300682
150,57145.9050462963,invalid_time,2,88,8.056245803833008,0.0090139084428942,0.0173644721508026,-8.33461856842041,1.0673371259258275,1.0673267429725848,1.139186376264466
150,57145.96699074074,57145.96949074074,2,89,7.203904151916504,-0.0010249711465069,-63.407414855309526,-7.687460422515869,0.9205074731721246,0.9205308388421348,0.8473770252594044
150,57145.98819444444,57145.99078703704,2,89,7.765947341918945,0.0027676475329163,0.0051089096814394,-7.735558986663818,0.9028853355898012,0.902903269604238,0.8152343142620233
150,57145.93069444445,57145.93319444444,2,91,6.5331711769104,-0.006151024666308,-0.0076650083065032,-7.600760459899902,0.9697497018468552,0.9697548637185852,0.9404244957058516
150,57145.91523148148,57145.91773148148,2,92,8.243002891540527,-0.0042507415378107,-0.0189803093671798,-8.272431373596191,1.0632480717898345,1.0632666316236634,1.1305359299243312
150,57145.96699074074,57145.96949074074,2,93,6.288498878479004,-0.0123960229011356,-0.0080452933907508,-7.117361545562744,0.9233192279561084,0.9232600175838392,0.8524090600689109
150,57146.01226851852,57146.01486111112,2,95,739.4591331481934,-0.0013082012362269,-63.407414855309526,-7.900309085845947,0.9119061887196388,0.9119276479152412,0.8316120350322243
150,57145.89976851852,57145.90217592593,2,95,8.33405590057373,-0.0091066991986063,-0.0091573037207126,-7.657927513122559,1.0698428840319836,1.0698323674249834,1.1445412943901447
150,57145.951527777775,57145.95393518519,2,96,8.009658813476562,-0.0001762851046372,-0.0054826885461807,-7.061863422393799,,0.9308046841299316,0.8663973599982218
150,57145.96699074074,57145.96949074074,2,99,7.9444580078125,-0.0025250906446437,-0.0074554234743118,-7.769017219543457,0.9359171376169548,0.935938070758866,0.8759800722958279
150,57145.94615740741,57145.94865740741,2,100,4.946566581726074,0.0073781174420623,0.0034274072386324,-5.517643451690674,0.938992796029842,0.9389885454648884,0.8816994885142666
150,57146.00393518519,57146.006527777776,2,100,6.551501274108887,1.8572416104357667e-05,-0.0030142441391944,-8.29777717590332,0.912704244001196,0.9127266775214722,0.8330699878593855
150,57145.94615740741,57145.94865740741,2,100,4.946566581726074,0.0073781174420623,0.0034274072386324,-5.517643451690674,0.938992796029842,0.9389885454648884,0.8816994885142666
150,57145.92050925926,57145.92300925926,2,101,6.511565208435059,-0.0042654667977842,-0.003445565700531,-6.332028865814209,0.9755282733321716,0.9755437637125854,0.9516856349185168
150,57145.9050462963,57145.90754629629,2,102,8.699922561645508,0.0098725348992381,0.0050943037495017,-8.94215202331543,1.0513148325175972,1.0512957353026466,1.1052227230655325
150,57145.90236111111,57145.90486111112,2,103,7.799549579620361,0.0086877295663057,0.0110776647925376,-7.389297485351562,1.044979879466691,1.0449703480703338,1.0919630283462347
150,57145.84355697667,57145.90754629629,2,103,8.189756393432617,0.0013148643046508,0.0101568698883056,-7.688253402709961,1.0694801505897062,1.0695070889278495,1.1438454132669236
150,57145.96162037037,57145.96412037037,2,104,6.954883575439453,-0.0053093472595554,-0.0164444930851459,-5.705104827880859,0.9283236705584264,0.9283321023721076,0.8618004922946173
150,57146.00393518519,57146.006527777776,2,104,8.005716323852539,-0.0027088241290416,-0.0033941566944122,-8.068522453308105,0.9184112261740855,0.9184297897309244,0.84351327866519
150,57145.98819444444,invalid_time,2,105,6.605340957641602,0.0185995753987407,0.0224510431289672,-5.7840681076049805,-0.8907546677716837,,0.7931368934221704
150,57145.89708333334,57145.89958333333,2,105,8.352912902832031,0.0162956719925646,0.0147255510091781,-8.136432647705078,1.0563792311650004,1.056286089128451,1.1157403020862775
150,57145.99097222222,57145.99356481482,2,105,7.925542831420898,0.0015911509711813,-0.0009018331766128,-8.132667541503906,0.9155226897738036,0.9155437934563152,0.8382204377363797
150,57145.95893518518,57145.96143518519,2,106,5.481218338012695,-0.0113181579408122,-0.0008614063262939,-8.506242752075195,0.9332544606495192,0.9332147284435224,0.870889729383917
150,57145.99097222222,57145.99142291334,2,106,8.193904876708984,0.0052961704323037,0.0018425285816192,-8.20456314086914,,0.9258770889617516,0.857248383864287
150,57145.99375,57145.9963425926,2,107,7.795017242431641,0.0054621618024179,0.0078230053186416,-8.151681900024414,0.9130720775095243,0.9130781752762758,0.8337117541658534
150,57145.99375,57145.9963425926,2,107,7.795017242431641,0.0054621618024179,0.0078230053186416,-8.151681900024414,0.9130720775095243,0.9130781752762758,0.8337117541658534
150,57145.92050925926,57145.92300925926,2,110,8.04185962677002,0.0032364314740862,0.0107177793979644,-8.144458770751953,0.967249398359702,0.9672685890018946,0.935608523269716
150,57145.94615740741,57145.94651550594,2,110,4.128096580505371,0.0056418116065331,0.0050481185317039,-5.114264488220215,0.9250520796302084,0.9250592446500414,0.8557346061125051
150,57146.00115740741,57146.00375,2,110,7.382795333862305,-0.0019609760951294,0.003028318285942,-7.128159999847412,0.8897443577852318,0.8897686029647158,0.7916881668217821
150,57145.9125462963,57145.91504629629,2,111,5.11085319519043,-0.0068743414824027,0.0053631123155355,-6.358848571777344,0.9892986108940142,0.989304100802916,0.9787226038654662
150,57146.01226851852,57146.01486111112,2,112,6.476678848266602,-0.0069971175311529,-0.0064884610474109,-5.355960845947266,0.886640091950531,0.8866342581981417,0.786120307810569
150,57145.9488425926,57145.95134259259,2,113,6.12789249420166,0.007384967618847,0.0038159489631652,-7.937066078186035,0.9306379906793888,0.9306342575811832,var-error
150,57145.96958333333,57145.97208333333,2,117,8.583047866821289,0.0007017320548023,0.0021707341074943,-8.262923240661621,0.9245703403431502,0.9245935985017965,0.8548733223905011
150,57145.96958333333,57145.97208333333,2,118,8.229171752929688,-0.0022261255629226,-0.0088077709078788,-8.0186767578125,0.9257138114454913,0.9257346894765568,0.8569847153002568
150,57145.94347222222,57145.945972222224,2,123,3.57161808013916,0.0138674549502675,-63.407414855309526,-3.7931408882141113,-0.9191263355929714,0.919050177052434,0.8446532279401102
150,57145.98819444444,57145.99078703704,2,123,4.003787517547607,0.0134317170905801,0.0159662384539842,-5.181673049926758,0.8905165350117457,0.8904371032644398,0.7928782348699667
150,57145.951527777775,57145.95393518519,2,125,7.523622512817383,-0.0006610337021083,0.0024696737527847,-6.63563871383667,0.9435322288536644,,0.8902996015144562
150,57145.96162037037,57145.96412037037,2,126,7.607511043548584,0.0146283252454645,0.0149402152746915,-8.534871101379395,0.9348788521889876,0.934788177322698,0.8738289364622918
150,57145.99375,57145.9963425926,2,128,7.766757011413574,0.0057131001127379,0.0063167372718453,-6.499363899230957,0.9075266682111034,0.9075309814998316,0.8236124823820477
150,57145.9050462963,57145.90754629629,2,128,7.22810697555542,-0.0051524052700545,0.0010173171758651,-8.321785926818848,1.0402639981932054,1.040278220956614,1.0821787769966575
